karol@karol-ThinkPad-P52:~/Studies/sem4/aisd/laby/mw1$ #Karol Wziątek 279734 
karol@karol-ThinkPad-P52:~/Studies/sem4/aisd/laby/mw1$ svn export https://repo.cs.pwr.edu.pl/279734-dir/mw1/list2/
A    list2
A    list2/ex1
A    list2/ex1/.idea
A    list2/ex1/out
A    list2/ex1/out/production
A    list2/ex1/out/production/ex1
A    list2/ex1/out/production/ex1/chartsCode
A    list2/ex1/src
A    list2/ex1/src/chartsCode
A    list2/ex1/.gitignore
A    list2/ex1/.idea/.gitignore
A    list2/ex1/src/NumbersGenerator.class
A    list2/ex1/.idea/misc.xml
A    list2/ex1/src/PrintingToFile.java
A    list2/ex1/.idea/modules.xml
A    list2/ex1/src/chartsCode/nk1.py
A    list2/ex1/.idea/vcs.xml
A    list2/ex1/.idea/workspace.xml
A    list2/ex1/src/my-log
A    list2/ex1/dane.txt
A    list2/ex1/ex1.iml
A    list2/ex1/out/production/ex1/DualPivotQuickSort$Pivot.class
A    list2/ex1/out/production/ex1/DualPivotQuickSort.class
A    list2/ex1/out/production/ex1/HybridSort.class
A    list2/ex1/out/production/ex1/InsertionSort.class
A    list2/ex1/out/production/ex1/MergeSort.class
A    list2/ex1/out/production/ex1/MySort.class
A    list2/ex1/out/production/ex1/NumbersGenerator.class
A    list2/ex1/out/production/ex1/PrintingToFile.class
A    list2/ex1/out/production/ex1/QuickSort.class
A    list2/ex1/out/production/ex1/chartsCode/nk1.py
A    list2/ex1/out/production/ex1/chartsCode.py
A    list2/ex1/src/DualPivotQuickSort.java
A    list2/ex1/src/HybridSort.java
A    list2/ex1/src/InsertionSort.class
A    list2/ex1/src/InsertionSort.java
A    list2/ex1/src/MergeSort.java
A    list2/ex1/src/MySort.java
A    list2/ex1/src/NumbersGenerator.java
A    list2/ex1/src/QuickSort.java
A    list2/ex1/src/chartsCode.py
Wyeksportowano wersję 5.
karol@karol-ThinkPad-P52:~/Studies/sem4/aisd/laby/mw1$ cd list
list1/ list2/ 
karol@karol-ThinkPad-P52:~/Studies/sem4/aisd/laby/mw1$ cd list2
karol@karol-ThinkPad-P52:~/Studies/sem4/aisd/laby/mw1/list2$ ls                            
ex1
karol@karol-ThinkPad-P52:~/Studies/sem4/aisd/laby/mw1/list2$ cd ex1
karol@karol-ThinkPad-P52:~/Studies/sem4/aisd/laby/mw1/list2/ex1$ cd src/
karol@karol-ThinkPad-P52:~/Studies/sem4/aisd/laby/mw1/list2/ex1/src$ ls
chartsCode               InsertionSort.class  MySort.java             QuickSort.java
chartsCode.py            InsertionSort.java   NumbersGenerator.class
DualPivotQuickSort.java  MergeSort.java       NumbersGenerator.java
HybridSort.java          my-log               PrintingToFile.java
karol@karol-ThinkPad-P52:~/Studies/sem4/aisd/laby/mw1/list2/ex1/src$ javac InsertionSort.java 
karol@karol-ThinkPad-P52:~/Studies/sem4/aisd/laby/mw1/list2/ex1/src$ java InsertionSort 
30
INSERTION SORT
random order:
25 41 48 47 58 54 54 50 56 11 35 13 43 13 36 35 12 50 10 32 24 16 48 9 59 57 27 18 55 57 

25 41 48 47 58 54 54 50 56 11 35 13 43 13 36 35 12 50 10 32 24 16 48 9 59 57 27 18 55 57 
25 41 48 47 58 54 54 50 56 11 35 13 43 13 36 35 12 50 10 32 24 16 48 9 59 57 27 18 55 57 
25 41 47 48 58 54 54 50 56 11 35 13 43 13 36 35 12 50 10 32 24 16 48 9 59 57 27 18 55 57 
25 41 47 48 58 54 54 50 56 11 35 13 43 13 36 35 12 50 10 32 24 16 48 9 59 57 27 18 55 57 
25 41 47 48 54 58 54 50 56 11 35 13 43 13 36 35 12 50 10 32 24 16 48 9 59 57 27 18 55 57 
25 41 47 48 54 54 58 50 56 11 35 13 43 13 36 35 12 50 10 32 24 16 48 9 59 57 27 18 55 57 
25 41 47 48 50 54 54 58 56 11 35 13 43 13 36 35 12 50 10 32 24 16 48 9 59 57 27 18 55 57 
25 41 47 48 50 54 54 56 58 11 35 13 43 13 36 35 12 50 10 32 24 16 48 9 59 57 27 18 55 57 
11 25 41 47 48 50 54 54 56 58 35 13 43 13 36 35 12 50 10 32 24 16 48 9 59 57 27 18 55 57 
11 25 35 41 47 48 50 54 54 56 58 13 43 13 36 35 12 50 10 32 24 16 48 9 59 57 27 18 55 57 
11 13 25 35 41 47 48 50 54 54 56 58 43 13 36 35 12 50 10 32 24 16 48 9 59 57 27 18 55 57 
11 13 25 35 41 43 47 48 50 54 54 56 58 13 36 35 12 50 10 32 24 16 48 9 59 57 27 18 55 57 
11 13 13 25 35 41 43 47 48 50 54 54 56 58 36 35 12 50 10 32 24 16 48 9 59 57 27 18 55 57 
11 13 13 25 35 36 41 43 47 48 50 54 54 56 58 35 12 50 10 32 24 16 48 9 59 57 27 18 55 57 
11 13 13 25 35 35 36 41 43 47 48 50 54 54 56 58 12 50 10 32 24 16 48 9 59 57 27 18 55 57 
11 12 13 13 25 35 35 36 41 43 47 48 50 54 54 56 58 50 10 32 24 16 48 9 59 57 27 18 55 57 
11 12 13 13 25 35 35 36 41 43 47 48 50 50 54 54 56 58 10 32 24 16 48 9 59 57 27 18 55 57 
10 11 12 13 13 25 35 35 36 41 43 47 48 50 50 54 54 56 58 32 24 16 48 9 59 57 27 18 55 57 
10 11 12 13 13 25 32 35 35 36 41 43 47 48 50 50 54 54 56 58 24 16 48 9 59 57 27 18 55 57 
10 11 12 13 13 24 25 32 35 35 36 41 43 47 48 50 50 54 54 56 58 16 48 9 59 57 27 18 55 57 
10 11 12 13 13 16 24 25 32 35 35 36 41 43 47 48 50 50 54 54 56 58 48 9 59 57 27 18 55 57 
10 11 12 13 13 16 24 25 32 35 35 36 41 43 47 48 48 50 50 54 54 56 58 9 59 57 27 18 55 57 
9 10 11 12 13 13 16 24 25 32 35 35 36 41 43 47 48 48 50 50 54 54 56 58 59 57 27 18 55 57 
9 10 11 12 13 13 16 24 25 32 35 35 36 41 43 47 48 48 50 50 54 54 56 58 59 57 27 18 55 57 
9 10 11 12 13 13 16 24 25 32 35 35 36 41 43 47 48 48 50 50 54 54 56 57 58 59 27 18 55 57 
9 10 11 12 13 13 16 24 25 27 32 35 35 36 41 43 47 48 48 50 50 54 54 56 57 58 59 18 55 57 
9 10 11 12 13 13 16 18 24 25 27 32 35 35 36 41 43 47 48 48 50 50 54 54 56 57 58 59 55 57 
9 10 11 12 13 13 16 18 24 25 27 32 35 35 36 41 43 47 48 48 50 50 54 54 55 56 57 58 59 57 
9 10 11 12 13 13 16 18 24 25 27 32 35 35 36 41 43 47 48 48 50 50 54 54 55 56 57 57 58 59 

Wyjściowa tablica:   25 41 48 47 58 54 54 50 56 11 35 13 43 13 36 35 12 50 10 32 24 16 48 9 59 57 27 18 55 57 
Posortowana tablica: 9 10 11 12 13 13 16 18 24 25 27 32 35 35 36 41 43 47 48 48 50 50 54 54 55 56 57 57 58 59 

Liczba porównań między kluczami: 252
Liczba zamian kluczy: 226
Czy jest posortowana? true
ascending order:
5 5 6 7 8 9 10 16 17 17 18 22 23 26 26 27 30 30 32 35 36 42 45 45 51 51 52 54 55 57 

5 5 6 7 8 9 10 16 17 17 18 22 23 26 26 27 30 30 32 35 36 42 45 45 51 51 52 54 55 57 
5 5 6 7 8 9 10 16 17 17 18 22 23 26 26 27 30 30 32 35 36 42 45 45 51 51 52 54 55 57 
5 5 6 7 8 9 10 16 17 17 18 22 23 26 26 27 30 30 32 35 36 42 45 45 51 51 52 54 55 57 
5 5 6 7 8 9 10 16 17 17 18 22 23 26 26 27 30 30 32 35 36 42 45 45 51 51 52 54 55 57 
5 5 6 7 8 9 10 16 17 17 18 22 23 26 26 27 30 30 32 35 36 42 45 45 51 51 52 54 55 57 
5 5 6 7 8 9 10 16 17 17 18 22 23 26 26 27 30 30 32 35 36 42 45 45 51 51 52 54 55 57 
5 5 6 7 8 9 10 16 17 17 18 22 23 26 26 27 30 30 32 35 36 42 45 45 51 51 52 54 55 57 
5 5 6 7 8 9 10 16 17 17 18 22 23 26 26 27 30 30 32 35 36 42 45 45 51 51 52 54 55 57 
5 5 6 7 8 9 10 16 17 17 18 22 23 26 26 27 30 30 32 35 36 42 45 45 51 51 52 54 55 57 
5 5 6 7 8 9 10 16 17 17 18 22 23 26 26 27 30 30 32 35 36 42 45 45 51 51 52 54 55 57 
5 5 6 7 8 9 10 16 17 17 18 22 23 26 26 27 30 30 32 35 36 42 45 45 51 51 52 54 55 57 
5 5 6 7 8 9 10 16 17 17 18 22 23 26 26 27 30 30 32 35 36 42 45 45 51 51 52 54 55 57 
5 5 6 7 8 9 10 16 17 17 18 22 23 26 26 27 30 30 32 35 36 42 45 45 51 51 52 54 55 57 
5 5 6 7 8 9 10 16 17 17 18 22 23 26 26 27 30 30 32 35 36 42 45 45 51 51 52 54 55 57 
5 5 6 7 8 9 10 16 17 17 18 22 23 26 26 27 30 30 32 35 36 42 45 45 51 51 52 54 55 57 
5 5 6 7 8 9 10 16 17 17 18 22 23 26 26 27 30 30 32 35 36 42 45 45 51 51 52 54 55 57 
5 5 6 7 8 9 10 16 17 17 18 22 23 26 26 27 30 30 32 35 36 42 45 45 51 51 52 54 55 57 
5 5 6 7 8 9 10 16 17 17 18 22 23 26 26 27 30 30 32 35 36 42 45 45 51 51 52 54 55 57 
5 5 6 7 8 9 10 16 17 17 18 22 23 26 26 27 30 30 32 35 36 42 45 45 51 51 52 54 55 57 
5 5 6 7 8 9 10 16 17 17 18 22 23 26 26 27 30 30 32 35 36 42 45 45 51 51 52 54 55 57 
5 5 6 7 8 9 10 16 17 17 18 22 23 26 26 27 30 30 32 35 36 42 45 45 51 51 52 54 55 57 
5 5 6 7 8 9 10 16 17 17 18 22 23 26 26 27 30 30 32 35 36 42 45 45 51 51 52 54 55 57 
5 5 6 7 8 9 10 16 17 17 18 22 23 26 26 27 30 30 32 35 36 42 45 45 51 51 52 54 55 57 
5 5 6 7 8 9 10 16 17 17 18 22 23 26 26 27 30 30 32 35 36 42 45 45 51 51 52 54 55 57 
5 5 6 7 8 9 10 16 17 17 18 22 23 26 26 27 30 30 32 35 36 42 45 45 51 51 52 54 55 57 
5 5 6 7 8 9 10 16 17 17 18 22 23 26 26 27 30 30 32 35 36 42 45 45 51 51 52 54 55 57 
5 5 6 7 8 9 10 16 17 17 18 22 23 26 26 27 30 30 32 35 36 42 45 45 51 51 52 54 55 57 
5 5 6 7 8 9 10 16 17 17 18 22 23 26 26 27 30 30 32 35 36 42 45 45 51 51 52 54 55 57 
5 5 6 7 8 9 10 16 17 17 18 22 23 26 26 27 30 30 32 35 36 42 45 45 51 51 52 54 55 57 

Wyjściowa tablica:   5 5 6 7 8 9 10 16 17 17 18 22 23 26 26 27 30 30 32 35 36 42 45 45 51 51 52 54 55 57 
Posortowana tablica: 5 5 6 7 8 9 10 16 17 17 18 22 23 26 26 27 30 30 32 35 36 42 45 45 51 51 52 54 55 57 

Liczba porównań między kluczami: 29
Liczba zamian kluczy: 0
Czy jest posortowana? true
descending order:
58 51 50 49 45 45 41 41 40 40 39 35 33 30 27 25 21 19 17 16 15 15 11 9 8 7 4 2 1 0 

51 58 50 49 45 45 41 41 40 40 39 35 33 30 27 25 21 19 17 16 15 15 11 9 8 7 4 2 1 0 
50 51 58 49 45 45 41 41 40 40 39 35 33 30 27 25 21 19 17 16 15 15 11 9 8 7 4 2 1 0 
49 50 51 58 45 45 41 41 40 40 39 35 33 30 27 25 21 19 17 16 15 15 11 9 8 7 4 2 1 0 
45 49 50 51 58 45 41 41 40 40 39 35 33 30 27 25 21 19 17 16 15 15 11 9 8 7 4 2 1 0 
45 45 49 50 51 58 41 41 40 40 39 35 33 30 27 25 21 19 17 16 15 15 11 9 8 7 4 2 1 0 
41 45 45 49 50 51 58 41 40 40 39 35 33 30 27 25 21 19 17 16 15 15 11 9 8 7 4 2 1 0 
41 41 45 45 49 50 51 58 40 40 39 35 33 30 27 25 21 19 17 16 15 15 11 9 8 7 4 2 1 0 
40 41 41 45 45 49 50 51 58 40 39 35 33 30 27 25 21 19 17 16 15 15 11 9 8 7 4 2 1 0 
40 40 41 41 45 45 49 50 51 58 39 35 33 30 27 25 21 19 17 16 15 15 11 9 8 7 4 2 1 0 
39 40 40 41 41 45 45 49 50 51 58 35 33 30 27 25 21 19 17 16 15 15 11 9 8 7 4 2 1 0 
35 39 40 40 41 41 45 45 49 50 51 58 33 30 27 25 21 19 17 16 15 15 11 9 8 7 4 2 1 0 
33 35 39 40 40 41 41 45 45 49 50 51 58 30 27 25 21 19 17 16 15 15 11 9 8 7 4 2 1 0 
30 33 35 39 40 40 41 41 45 45 49 50 51 58 27 25 21 19 17 16 15 15 11 9 8 7 4 2 1 0 
27 30 33 35 39 40 40 41 41 45 45 49 50 51 58 25 21 19 17 16 15 15 11 9 8 7 4 2 1 0 
25 27 30 33 35 39 40 40 41 41 45 45 49 50 51 58 21 19 17 16 15 15 11 9 8 7 4 2 1 0 
21 25 27 30 33 35 39 40 40 41 41 45 45 49 50 51 58 19 17 16 15 15 11 9 8 7 4 2 1 0 
19 21 25 27 30 33 35 39 40 40 41 41 45 45 49 50 51 58 17 16 15 15 11 9 8 7 4 2 1 0 
17 19 21 25 27 30 33 35 39 40 40 41 41 45 45 49 50 51 58 16 15 15 11 9 8 7 4 2 1 0 
16 17 19 21 25 27 30 33 35 39 40 40 41 41 45 45 49 50 51 58 15 15 11 9 8 7 4 2 1 0 
15 16 17 19 21 25 27 30 33 35 39 40 40 41 41 45 45 49 50 51 58 15 11 9 8 7 4 2 1 0 
15 15 16 17 19 21 25 27 30 33 35 39 40 40 41 41 45 45 49 50 51 58 11 9 8 7 4 2 1 0 
11 15 15 16 17 19 21 25 27 30 33 35 39 40 40 41 41 45 45 49 50 51 58 9 8 7 4 2 1 0 
9 11 15 15 16 17 19 21 25 27 30 33 35 39 40 40 41 41 45 45 49 50 51 58 8 7 4 2 1 0 
8 9 11 15 15 16 17 19 21 25 27 30 33 35 39 40 40 41 41 45 45 49 50 51 58 7 4 2 1 0 
7 8 9 11 15 15 16 17 19 21 25 27 30 33 35 39 40 40 41 41 45 45 49 50 51 58 4 2 1 0 
4 7 8 9 11 15 15 16 17 19 21 25 27 30 33 35 39 40 40 41 41 45 45 49 50 51 58 2 1 0 
2 4 7 8 9 11 15 15 16 17 19 21 25 27 30 33 35 39 40 40 41 41 45 45 49 50 51 58 1 0 
1 2 4 7 8 9 11 15 15 16 17 19 21 25 27 30 33 35 39 40 40 41 41 45 45 49 50 51 58 0 
0 1 2 4 7 8 9 11 15 15 16 17 19 21 25 27 30 33 35 39 40 40 41 41 45 45 49 50 51 58 

Wyjściowa tablica:   58 51 50 49 45 45 41 41 40 40 39 35 33 30 27 25 21 19 17 16 15 15 11 9 8 7 4 2 1 0 
Posortowana tablica: 0 1 2 4 7 8 9 11 15 15 16 17 19 21 25 27 30 33 35 39 40 40 41 41 45 45 49 50 51 58 

Liczba porównań między kluczami: 435
Liczba zamian kluczy: 431
Czy jest posortowana? true
karol@karol-ThinkPad-P52:~/Studies/sem4/aisd/laby/mw1/list2/ex1/src$ java InsertionSort   
50
INSERTION SORT
random order:
Liczba porównań między kluczami: 605
Liczba zamian kluczy: 560
Czy jest posortowana? true
ascending order:
Liczba porównań między kluczami: 49
Liczba zamian kluczy: 0
Czy jest posortowana? true
descending order:
Liczba porównań między kluczami: 1224
Liczba zamian kluczy: 1215
Czy jest posortowana? true
karol@karol-ThinkPad-P52:~/Studies/sem4/aisd/laby/mw1/list2/ex1/src$ javac QuickSort.java 
karol@karol-ThinkPad-P52:~/Studies/sem4/aisd/laby/mw1/list2/ex1/src$ java QuickSort 
30
QUICK SORT
random order:
33 19 46 6 27 32 44 3 58 16 59 48 48 2 20 2 52 59 28 47 27 21 33 15 35 7 21 13 46 55 

33 19 46 6 27 32 44 3 58 16 59 48 48 2 20 2 52 59 28 47 27 21 33 15 35 7 21 13 46 55 
33 19 46 6 27 32 44 3 16 48 48 2 20 2 52 28 47 27 21 33 15 35 7 21 13 46 55 58 59 59 
33 19 6 27 32 44 3 16 2 20 2 28 27 21 33 15 35 7 21 13 46 47 48 48 52 46 55 58 59 59 
6 3 2 2 7 13 19 16 33 20 27 28 27 21 33 15 35 32 21 44 46 47 48 48 52 46 55 58 59 59 
6 3 2 2 7 13 19 16 33 20 27 28 27 21 33 15 35 32 21 44 46 47 48 48 52 46 55 58 59 59 
2 3 2 6 7 13 19 16 33 20 27 28 27 21 33 15 35 32 21 44 46 47 48 48 52 46 55 58 59 59 
2 3 2 6 7 13 19 16 33 20 27 28 27 21 33 15 35 32 21 44 46 47 48 48 52 46 55 58 59 59 
2 2 3 6 7 13 19 16 33 20 27 28 27 21 33 15 35 32 21 44 46 47 48 48 52 46 55 58 59 59 
2 2 3 6 7 13 19 16 33 20 27 28 27 21 33 15 35 32 21 44 46 47 48 48 52 46 55 58 59 59 
2 2 3 6 7 13 19 16 20 15 21 28 27 21 33 33 35 32 27 44 46 47 48 48 52 46 55 58 59 59 
2 2 3 6 7 13 15 16 20 19 21 28 27 21 33 33 35 32 27 44 46 47 48 48 52 46 55 58 59 59 
2 2 3 6 7 13 15 16 19 20 21 28 27 21 33 33 35 32 27 44 46 47 48 48 52 46 55 58 59 59 
2 2 3 6 7 13 15 16 19 20 21 21 27 28 33 33 35 32 27 44 46 47 48 48 52 46 55 58 59 59 
2 2 3 6 7 13 15 16 19 20 21 21 27 27 33 33 35 32 28 44 46 47 48 48 52 46 55 58 59 59 
2 2 3 6 7 13 15 16 19 20 21 21 27 27 28 33 35 32 33 44 46 47 48 48 52 46 55 58 59 59 
2 2 3 6 7 13 15 16 19 20 21 21 27 27 28 32 33 33 35 44 46 47 48 48 52 46 55 58 59 59 
2 2 3 6 7 13 15 16 19 20 21 21 27 27 28 32 33 33 35 44 46 47 48 48 52 46 55 58 59 59 
2 2 3 6 7 13 15 16 19 20 21 21 27 27 28 32 33 33 35 44 46 46 48 48 52 47 55 58 59 59 
2 2 3 6 7 13 15 16 19 20 21 21 27 27 28 32 33 33 35 44 46 46 47 48 52 48 55 58 59 59 
2 2 3 6 7 13 15 16 19 20 21 21 27 27 28 32 33 33 35 44 46 46 47 48 52 48 55 58 59 59 
2 2 3 6 7 13 15 16 19 20 21 21 27 27 28 32 33 33 35 44 46 46 47 48 48 52 55 58 59 59 

Wyjściowa tablica:   33 19 46 6 27 32 44 3 58 16 59 48 48 2 20 2 52 59 28 47 27 21 33 15 35 7 21 13 46 55 
Posortowana tablica: 2 2 3 6 7 13 15 16 19 20 21 21 27 27 28 32 33 33 35 44 46 46 47 48 48 52 55 58 59 59 

Liczba porównań między kluczami: 145
Liczba zamian kluczy: 79
Czy jest posortowana? true
ascending order:
6 7 7 8 9 15 15 16 20 21 22 22 22 23 26 27 28 35 36 43 45 46 47 49 50 54 55 57 59 59 

6 7 7 8 9 15 15 16 20 21 22 22 22 23 26 27 28 35 36 43 45 46 47 49 50 54 55 57 59 59 
6 7 7 8 9 15 15 16 20 21 22 22 22 23 26 27 28 35 36 43 45 46 47 49 50 54 55 57 59 59 
6 7 7 8 9 15 15 16 20 21 22 22 22 23 26 27 28 35 36 43 45 46 47 49 50 54 55 57 59 59 
6 7 7 8 9 15 15 16 20 21 22 22 22 23 26 27 28 35 36 43 45 46 47 49 50 54 55 57 59 59 
6 7 7 8 9 15 15 16 20 21 22 22 22 23 26 27 28 35 36 43 45 46 47 49 50 54 55 57 59 59 
6 7 7 8 9 15 15 16 20 21 22 22 22 23 26 27 28 35 36 43 45 46 47 49 50 54 55 57 59 59 
6 7 7 8 9 15 15 16 20 21 22 22 22 23 26 27 28 35 36 43 45 46 47 49 50 54 55 57 59 59 
6 7 7 8 9 15 15 16 20 21 22 22 22 23 26 27 28 35 36 43 45 46 47 49 50 54 55 57 59 59 
6 7 7 8 9 15 15 16 20 21 22 22 22 23 26 27 28 35 36 43 45 46 47 49 50 54 55 57 59 59 
6 7 7 8 9 15 15 16 20 21 22 22 22 23 26 27 28 35 36 43 45 46 47 49 50 54 55 57 59 59 
6 7 7 8 9 15 15 16 20 21 22 22 22 23 26 27 28 35 36 43 45 46 47 49 50 54 55 57 59 59 
6 7 7 8 9 15 15 16 20 21 22 22 22 23 26 27 28 35 36 43 45 46 47 49 50 54 55 57 59 59 
6 7 7 8 9 15 15 16 20 21 22 22 22 23 26 27 28 35 36 43 45 46 47 49 50 54 55 57 59 59 
6 7 7 8 9 15 15 16 20 21 22 22 22 23 26 27 28 35 36 43 45 46 47 49 50 54 55 57 59 59 
6 7 7 8 9 15 15 16 20 21 22 22 22 23 26 27 28 35 36 43 45 46 47 49 50 54 55 57 59 59 
6 7 7 8 9 15 15 16 20 21 22 22 22 23 26 27 28 35 36 43 45 46 47 49 50 54 55 57 59 59 
6 7 7 8 9 15 15 16 20 21 22 22 22 23 26 27 28 35 36 43 45 46 47 49 50 54 55 57 59 59 
6 7 7 8 9 15 15 16 20 21 22 22 22 23 26 27 28 35 36 43 45 46 47 49 50 54 55 57 59 59 
6 7 7 8 9 15 15 16 20 21 22 22 22 23 26 27 28 35 36 43 45 46 47 49 50 54 55 57 59 59 
6 7 7 8 9 15 15 16 20 21 22 22 22 23 26 27 28 35 36 43 45 46 47 49 50 54 55 57 59 59 
6 7 7 8 9 15 15 16 20 21 22 22 22 23 26 27 28 35 36 43 45 46 47 49 50 54 55 57 59 59 
6 7 7 8 9 15 15 16 20 21 22 22 22 23 26 27 28 35 36 43 45 46 47 49 50 54 55 57 59 59 
6 7 7 8 9 15 15 16 20 21 22 22 22 23 26 27 28 35 36 43 45 46 47 49 50 54 55 57 59 59 
6 7 7 8 9 15 15 16 20 21 22 22 22 23 26 27 28 35 36 43 45 46 47 49 50 54 55 57 59 59 
6 7 7 8 9 15 15 16 20 21 22 22 22 23 26 27 28 35 36 43 45 46 47 49 50 54 55 57 59 59 

Wyjściowa tablica:   6 7 7 8 9 15 15 16 20 21 22 22 22 23 26 27 28 35 36 43 45 46 47 49 50 54 55 57 59 59 
Posortowana tablica: 6 7 7 8 9 15 15 16 20 21 22 22 22 23 26 27 28 35 36 43 45 46 47 49 50 54 55 57 59 59 

Liczba porównań między kluczami: 381
Liczba zamian kluczy: 375
Czy jest posortowana? true
descending order:
52 52 51 51 49 49 45 42 40 40 40 38 37 35 34 30 28 25 23 20 17 17 6 4 3 2 2 1 0 0 

52 52 51 51 49 49 45 42 40 40 40 38 37 35 34 30 28 25 23 20 17 17 6 4 3 2 2 1 0 0 
0 52 51 51 49 49 45 42 40 40 40 38 37 35 34 30 28 25 23 20 17 17 6 4 3 2 2 1 0 52 
0 51 51 49 49 45 42 40 40 40 38 37 35 34 30 28 25 23 20 17 17 6 4 3 2 2 1 0 52 52 
0 0 51 49 49 45 42 40 40 40 38 37 35 34 30 28 25 23 20 17 17 6 4 3 2 2 1 51 52 52 
0 0 49 49 45 42 40 40 40 38 37 35 34 30 28 25 23 20 17 17 6 4 3 2 2 1 51 51 52 52 
0 0 1 49 45 42 40 40 40 38 37 35 34 30 28 25 23 20 17 17 6 4 3 2 2 49 51 51 52 52 
0 0 1 45 42 40 40 40 38 37 35 34 30 28 25 23 20 17 17 6 4 3 2 2 49 49 51 51 52 52 
0 0 1 2 42 40 40 40 38 37 35 34 30 28 25 23 20 17 17 6 4 3 2 45 49 49 51 51 52 52 
0 0 1 2 42 40 40 40 38 37 35 34 30 28 25 23 20 17 17 6 4 3 2 45 49 49 51 51 52 52 
0 0 1 2 2 40 40 40 38 37 35 34 30 28 25 23 20 17 17 6 4 3 42 45 49 49 51 51 52 52 
0 0 1 2 2 40 40 40 38 37 35 34 30 28 25 23 20 17 17 6 4 3 42 45 49 49 51 51 52 52 
0 0 1 2 2 3 40 40 38 37 35 34 30 28 25 23 20 17 17 6 4 40 42 45 49 49 51 51 52 52 
0 0 1 2 2 3 38 37 35 34 30 28 25 23 20 17 17 6 4 40 40 40 42 45 49 49 51 51 52 52 
0 0 1 2 2 3 4 37 35 34 30 28 25 23 20 17 17 6 38 40 40 40 42 45 49 49 51 51 52 52 
0 0 1 2 2 3 4 37 35 34 30 28 25 23 20 17 17 6 38 40 40 40 42 45 49 49 51 51 52 52 
0 0 1 2 2 3 4 6 35 34 30 28 25 23 20 17 17 37 38 40 40 40 42 45 49 49 51 51 52 52 
0 0 1 2 2 3 4 6 35 34 30 28 25 23 20 17 17 37 38 40 40 40 42 45 49 49 51 51 52 52 
0 0 1 2 2 3 4 6 17 34 30 28 25 23 20 17 35 37 38 40 40 40 42 45 49 49 51 51 52 52 
0 0 1 2 2 3 4 6 17 34 30 28 25 23 20 17 35 37 38 40 40 40 42 45 49 49 51 51 52 52 
0 0 1 2 2 3 4 6 17 17 30 28 25 23 20 34 35 37 38 40 40 40 42 45 49 49 51 51 52 52 
0 0 1 2 2 3 4 6 17 17 30 28 25 23 20 34 35 37 38 40 40 40 42 45 49 49 51 51 52 52 
0 0 1 2 2 3 4 6 17 17 20 28 25 23 30 34 35 37 38 40 40 40 42 45 49 49 51 51 52 52 
0 0 1 2 2 3 4 6 17 17 20 28 25 23 30 34 35 37 38 40 40 40 42 45 49 49 51 51 52 52 
0 0 1 2 2 3 4 6 17 17 20 23 25 28 30 34 35 37 38 40 40 40 42 45 49 49 51 51 52 52 
0 0 1 2 2 3 4 6 17 17 20 23 25 28 30 34 35 37 38 40 40 40 42 45 49 49 51 51 52 52 

Wyjściowa tablica:   52 52 51 51 49 49 45 42 40 40 40 38 37 35 34 30 28 25 23 20 17 17 6 4 3 2 2 1 0 0 
Posortowana tablica: 0 0 1 2 2 3 4 6 17 17 20 23 25 28 30 34 35 37 38 40 40 40 42 45 49 49 51 51 52 52 

Liczba porównań między kluczami: 337
Liczba zamian kluczy: 157
Czy jest posortowana? true
karol@karol-ThinkPad-P52:~/Studies/sem4/aisd/laby/mw1/list2/ex1/src$ java QuickSort 50
50
QUICK SORT
random order:
Liczba porównań między kluczami: 259
Liczba zamian kluczy: 135
Czy jest posortowana? true
ascending order:
Liczba porównań między kluczami: 971
Liczba zamian kluczy: 956
Czy jest posortowana? true
descending order:
Liczba porównań między kluczami: 1006
Liczba zamian kluczy: 484
Czy jest posortowana? true
karol@karol-ThinkPad-P52:~/Studies/sem4/aisd/laby/mw1/list2/ex1/src$ javac HybridSort.java karol@karol-ThinkPad-P52:~/Studies/sem4/aisd/laby/mw1/list2/ex1/src$ java HybridSort 
HYBRID SORT
30
random order:
43 26 8 23 48 7 0 53 2 38 48 50 33 20 0 22 9 27 54 54 31 11 8 37 57 34 5 34 40 56 

43 26 8 23 48 7 0 53 2 38 48 50 33 20 0 22 9 27 54 54 31 11 8 37 57 34 5 34 40 56 
43 26 8 23 48 7 0 53 2 38 48 50 33 20 0 22 9 27 54 54 31 11 8 37 34 5 34 40 56 57 
26 8 23 7 0 2 38 33 20 0 22 9 27 31 11 8 37 34 5 34 40 48 48 50 53 54 54 43 56 57 
26 8 23 7 0 2 33 20 0 22 9 27 31 11 8 5 34 34 38 37 40 48 48 50 53 54 54 43 56 57 
0 2 0 5 26 8 33 20 23 22 9 27 31 11 8 7 34 34 38 37 40 48 48 50 53 54 54 43 56 57 
0 2 0 5 26 8 33 20 23 22 9 27 31 11 8 7 34 34 38 37 40 48 48 50 53 54 54 43 56 57 
0 0 2 5 26 8 33 20 23 22 9 27 31 11 8 7 34 34 38 37 40 48 48 50 53 54 54 43 56 57 
0 0 2 5 7 8 33 20 23 22 9 27 31 11 8 26 34 34 38 37 40 48 48 50 53 54 54 43 56 57 
0 0 2 5 7 8 20 23 22 9 11 8 26 33 27 31 34 34 38 37 40 48 48 50 53 54 54 43 56 57 
0 0 2 5 7 8 20 23 22 9 11 8 26 33 27 31 34 34 38 37 40 48 48 50 53 54 54 43 56 57 
0 0 2 5 7 8 8 23 22 9 11 20 26 33 27 31 34 34 38 37 40 48 48 50 53 54 54 43 56 57 
0 0 2 5 7 8 8 9 11 20 22 23 26 33 27 31 34 34 38 37 40 48 48 50 53 54 54 43 56 57 
0 0 2 5 7 8 8 9 11 20 22 23 26 33 27 31 34 34 38 37 40 48 48 50 53 54 54 43 56 57 
0 0 2 5 7 8 8 9 11 20 22 23 26 33 27 31 34 34 38 37 40 48 48 50 53 54 54 43 56 57 
0 0 2 5 7 8 8 9 11 20 22 23 26 27 31 33 34 34 38 37 40 48 48 50 53 54 54 43 56 57 
0 0 2 5 7 8 8 9 11 20 22 23 26 27 31 33 34 34 37 38 40 48 48 50 53 54 54 43 56 57 
0 0 2 5 7 8 8 9 11 20 22 23 26 27 31 33 34 34 37 38 40 43 48 50 53 54 54 48 56 57 
0 0 2 5 7 8 8 9 11 20 22 23 26 27 31 33 34 34 37 38 40 43 48 50 53 54 54 48 56 57 
0 0 2 5 7 8 8 9 11 20 22 23 26 27 31 33 34 34 37 38 40 43 48 48 53 54 54 50 56 57 
0 0 2 5 7 8 8 9 11 20 22 23 26 27 31 33 34 34 37 38 40 43 48 48 50 54 54 53 56 57 
0 0 2 5 7 8 8 9 11 20 22 23 26 27 31 33 34 34 37 38 40 43 48 48 50 53 54 54 56 57 

Wyjściowa tablica:   43 26 8 23 48 7 0 53 2 38 48 50 33 20 0 22 9 27 54 54 31 11 8 37 57 34 5 34 40 56 
Posortowana tablica: 0 0 2 5 7 8 8 9 11 20 22 23 26 27 31 33 34 34 37 38 40 43 48 48 50 53 54 54 56 57 

Liczba porównań między kluczami: 156
Liczba zamian kluczy: 80
Czy jest posortowana? true
ascending order:
1 2 3 8 10 12 13 14 18 23 30 30 30 31 31 32 38 38 40 41 47 49 50 52 53 53 53 54 54 56 

1 2 3 8 10 12 13 14 18 23 30 30 30 31 31 32 38 38 40 41 47 49 50 52 53 53 53 54 54 56 
1 2 3 8 10 12 13 14 18 23 30 30 30 31 31 32 38 38 40 41 47 49 50 52 53 53 53 54 54 56 
1 2 3 8 10 12 13 14 18 23 30 30 30 31 31 32 38 38 40 41 47 49 50 52 53 53 53 54 54 56 
1 2 3 8 10 12 13 14 18 23 30 30 30 31 31 32 38 38 40 41 47 49 50 52 53 53 53 54 54 56 
1 2 3 8 10 12 13 14 18 23 30 30 30 31 31 32 38 38 40 41 47 49 50 52 53 53 53 54 54 56 
1 2 3 8 10 12 13 14 18 23 30 30 30 31 31 32 38 38 40 41 47 49 50 52 53 53 53 54 54 56 
1 2 3 8 10 12 13 14 18 23 30 30 30 31 31 32 38 38 40 41 47 49 50 52 53 53 53 54 54 56 
1 2 3 8 10 12 13 14 18 23 30 30 30 31 31 32 38 38 40 41 47 49 50 52 53 53 53 54 54 56 
1 2 3 8 10 12 13 14 18 23 30 30 30 31 31 32 38 38 40 41 47 49 50 52 53 53 53 54 54 56 
1 2 3 8 10 12 13 14 18 23 30 30 30 31 31 32 38 38 40 41 47 49 50 52 53 53 53 54 54 56 
1 2 3 8 10 12 13 14 18 23 30 30 30 31 31 32 38 38 40 41 47 49 50 52 53 53 53 54 54 56 
1 2 3 8 10 12 13 14 18 23 30 30 30 31 31 32 38 38 40 41 47 49 50 52 53 53 53 54 54 56 
1 2 3 8 10 12 13 14 18 23 30 30 30 31 31 32 38 38 40 41 47 49 50 52 53 53 53 54 54 56 
1 2 3 8 10 12 13 14 18 23 30 30 30 31 31 32 38 38 40 41 47 49 50 52 53 53 53 54 54 56 
1 2 3 8 10 12 13 14 18 23 30 30 30 31 31 32 38 38 40 41 47 49 50 52 53 53 53 54 54 56 
1 2 3 8 10 12 13 14 18 23 30 30 30 31 31 32 38 38 40 41 47 49 50 52 53 53 53 54 54 56 
1 2 3 8 10 12 13 14 18 23 30 30 30 31 31 32 38 38 40 41 47 49 50 52 53 53 53 54 54 56 
1 2 3 8 10 12 13 14 18 23 30 30 30 31 31 32 38 38 40 41 47 49 50 52 53 53 53 54 54 56 
1 2 3 8 10 12 13 14 18 23 30 30 30 31 31 32 38 38 40 41 47 49 50 52 53 53 53 54 54 56 
1 2 3 8 10 12 13 14 18 23 30 30 30 31 31 32 38 38 40 41 47 49 50 52 53 53 53 54 54 56 
1 2 3 8 10 12 13 14 18 23 30 30 30 31 31 32 38 38 40 41 47 49 50 52 53 53 53 54 54 56 
1 2 3 8 10 12 13 14 18 23 30 30 30 31 31 32 38 38 40 41 47 49 50 52 53 53 53 54 54 56 
1 2 3 8 10 12 13 14 18 23 30 30 30 31 31 32 38 38 40 41 47 49 50 52 53 53 53 54 54 56 
1 2 3 8 10 12 13 14 18 23 30 30 30 31 31 32 38 38 40 41 47 49 50 52 53 53 53 54 54 56 

Wyjściowa tablica:   1 2 3 8 10 12 13 14 18 23 30 30 30 31 31 32 38 38 40 41 47 49 50 52 53 53 53 54 54 56 
Posortowana tablica: 1 2 3 8 10 12 13 14 18 23 30 30 30 31 31 32 38 38 40 41 47 49 50 52 53 53 53 54 54 56 

Liczba porównań między kluczami: 311
Liczba zamian kluczy: 302
Czy jest posortowana? true
Exception in thread "main" java.lang.IndexOutOfBoundsException: Index -2 out of bounds for length 0
        at java.base/jdk.internal.util.Preconditions.outOfBounds(Preconditions.java:100)
        at java.base/jdk.internal.util.Preconditions.outOfBoundsCheckIndex(Preconditions.java:106)
        at java.base/jdk.internal.util.Preconditions.checkIndex(Preconditions.java:302)
        at java.base/java.util.Objects.checkIndex(Objects.java:385)
        at java.base/java.util.ArrayList.get(ArrayList.java:427)
        at HybridSort.generateSolution(HybridSort.java:25)
        at HybridSort.main(HybridSort.java:12)
karol@karol-ThinkPad-P52:~/Studies/sem4/aisd/laby/mw1/list2/ex1/src$ java HybridSort 
HYBRID SORT
50
random order:
Liczba porównań między kluczami: 241
Liczba zamian kluczy: 125
Czy jest posortowana? true
ascending order:
Liczba porównań między kluczami: 924
Liczba zamian kluczy: 910
Czy jest posortowana? true
Exception in thread "main" java.lang.IndexOutOfBoundsException: Index -2 out of bounds for length 0
        at java.base/jdk.internal.util.Preconditions.outOfBounds(Preconditions.java:100)
        at java.base/jdk.internal.util.Preconditions.outOfBoundsCheckIndex(Preconditions.java:106)
        at java.base/jdk.internal.util.Preconditions.checkIndex(Preconditions.java:302)
        at java.base/java.util.Objects.checkIndex(Objects.java:385)
        at java.base/java.util.ArrayList.get(ArrayList.java:427)
        at HybridSort.generateSolution(HybridSort.java:25)
        at HybridSort.main(HybridSort.java:12)
karol@karol-ThinkPad-P52:~/Studies/sem4/aisd/laby/mw1/list2/ex1/src$ javac MySort.java 
karol@karol-ThinkPad-P52:~/Studies/sem4/aisd/laby/mw1/list2/ex1/src$ java MySort 
1 1 4 5 8 9 10 
karol@karol-ThinkPad-P52:~/Studies/sem4/aisd/laby/mw1/list2/ex1/src$ javac DualPivotQuickSort.java 
karol@karol-ThinkPad-P52:~/Studies/sem4/aisd/laby/mw1/list2/ex1/src$ java DualPivotQuickSort 
1 4 5 7 10 41 60 
karol@karol-ThinkPad-P52:~/Studies/sem4/aisd/laby/mw1/list2/ex1/src$ tmux tmux capture-pane -p -S'-' -E'-' -J > my-log
unknown command: tmux
karol@karol-ThinkPad-P52:~/Studies/sem4/aisd/laby/mw1/list2/ex1/src$ tmux capture-pane -p -S'-' -E'-' -J > my-log                                                                    

