-1 15 15 15
1745578272048537866 3 1 3 D
1745578272054836673 0 1 4 A
1745578272064951605 6 8 2 G
1745578272068234776 12 5 10 M
1745578272068283952 11 10 12 L
1745578272068341953 14 9 5 O
1745578272068390179 7 2 9 H
1745578272071421948 3 2 3 D
1745578272072542101 9 5 0 J
1745578272072585347 4 10 7 E
1745578272078751840 8 7 2 i
1745578272078793931 13 6 6 N
1745578272078874701 5 10 3 F
1745578272082082616 7 1 9 H
1745578272082133076 1 2 2 B
1745578272083163804 0 1 3 A
1745578272084312496 11 10 13 L
1745578272096617839 11 11 13 L
1745578272097851125 12 5 9 M
1745578272099989059 3 2 3 d
1745578272101228062 4 10 8 E
1745578272104564859 6 9 2 G
1745578272104618237 14 10 5 O
1745578272106879048 13 7 6 N
1745578272110217965 12 5 10 M
1745578272110275984 0 1 3 a
1745578272113703776 7 1 8 H
1745578272113776783 9 6 0 J
1745578272116884566 4 9 8 E
1745578272118156248 6 8 2 G
1745578272119446646 5 10 2 F
1745578272128655601 7 1 7 H
1745578272135167694 6 8 3 G
1745578272137572368 14 10 4 O
1745578272141905402 11 11 14 L
1745578272149223034 13 8 6 N
1745578272152474401 5 10 3 F
1745578272152577316 12 5 9 M
1745578272152621434 6 8 4 G
1745578272155993185 4 9 9 E
1745578272162236881 9 6 14 J
1745578272163487309 11 11 13 L
1745578272164703654 14 10 5 O
1745578272166956186 4 9 10 E
1745578272168189341 7 0 7 H
1745578272171644191 12 4 9 M
1745578272176015102 14 10 6 O
1745578272178298995 5 9 3 F
1745578272187820722 6 9 4 G
1745578272187894953 11 11 14 L
1745578272190115902 4 10 10 E
1745578272190212473 9 6 13 J
1745578272191555952 13 8 5 N
1745578272195880463 5 9 3 f
1745578272195973812 14 10 7 O
1745578272213550191 12 4 8 M
1745578272213649876 7 1 7 H
1745578272217811609 13 8 6 N
1745578272220096061 9 5 13 J
1745578272227516936 11 11 13 L
1745578272229876104 7 1 6 H
1745578272232259443 12 3 8 M
1745578272232344166 4 10 9 E
1745578272236560715 14 10 8 O
1745578272237835639 9 4 13 J
1745578272241165978 13 8 5 N
1745578272252686123 14 11 8 O
1745578272256111735 13 7 5 N
1745578272265718313 11 11 14 L
1745578272265829162 7 0 6 H
1745578272267983247 4 10 8 E
1745578272277387342 9 4 14 J
1745578272278698582 12 3 9 M
1745578272281058506 7 0 7 H
1745578272281148903 14 11 9 O
1745578272291314074 7 1 7 H
1745578272292475087 13 8 5 N
1745578272303959644 7 0 7 H
1745578272304047098 9 4 0 J
1745578272306168191 13 7 5 N
1745578272310579145 11 11 0 L
1745578272312844453 4 11 8 E
1745578272324364351 13 8 5 N
1745578272325653841 12 3 8 M
1745578272326864849 9 4 14 J
1745578272326916449 7 0 8 H
1745578272330265387 14 10 9 O
1745578272338819208 11 11 1 L
1745578272338891388 12 4 8 M
1745578272338908924 4 11 7 E
1745578272349476351 7 14 8 H
1745578272349584532 13 7 5 N
1745578272357016491 4 11 8 E
1745578272362513770 9 3 14 J
1745578272363843665 12 3 8 M
1745578272363852192 13 6 5 N
1745578272364970487 11 12 1 L
1745578272372587492 4 11 7 E
1745578272376886331 14 11 9 O
1745578272384072170 7 14 7 H
1745578272388512578 14 12 9 O
1745578272389731667 4 12 7 E
1745578272390956837 11 12 2 L
1745578272400471334 12 2 8 M
1745578272400576697 9 3 0 J
1745578272410760777 14 12 10 O
1745578272413009851 13 7 5 N
1745578272416481646 7 0 7 H
1745578272418834568 11 12 3 L
1745578272428294522 9 2 0 J
1745578272429551590 4 12 8 E
1745578272429610514 12 3 8 M
1745578272440218715 11 12 2 L
1745578272450539483 14 12 11 O
1745578272451687249 12 3 7 M
1745578272453891007 9 1 0 J
1745578272456046972 7 0 8 H
1745578272460192514 13 7 6 N
1745578272464320992 4 12 9 E
1745578272470556196 14 13 11 O
1745578272473775333 9 1 1 J
1745578272475917785 12 2 7 M
1745578272482176021 7 14 8 H
1745578272484529331 11 12 1 L
1745578272484570418 4 12 10 E
1745578272487698460 12 2 6 M
1745578272492899666 7 13 8 H
1745578272498040468 4 13 10 E
1745578272503353765 13 8 6 N
1745578272506592800 14 12 11 O
1745578272510880037 9 0 1 J
1745578272514193962 12 1 6 M
1745578272514235680 7 12 8 H
1745578272520415172 11 12 2 L
1745578272522722385 9 14 1 J
1745578272527925323 7 12 9 H
1745578272532291334 13 7 6 N
1745578272542640573 4 12 10 E
1745578272547869048 14 12 12 O
1745578272550066126 11 11 2 L
1745578272559312710 12 1 5 M
1745578272563654590 9 13 1 J
1745578272563805744 4 11 10 E
1745578272577089986 7 12 10 H
1745578272581442735 13 7 5 N
1745578272583794956 9 14 1 J
1745578272584933055 14 13 12 O
1745578272597112718 11 11 3 L
1745578272598280552 14 14 12 O
1745578272601677414 12 2 5 M
1745578272606974253 4 11 10 e
1745578272609159858 14 14 13 O
1745578272617642776 11 10 3 L
1745578272620873619 9 0 1 J
1745578272624149030 13 7 6 N
1745578272635590503 11 10 2 L
1745578272639913051 12 3 5 M
1745578272644266807 13 7 5 N
1745578272649690659 9 0 2 J
1745578272653091834 14 13 13 O
1745578272663541128 13 8 5 N
1745578272664810700 12 3 4 M
1745578272665966296 9 1 2 J
1745578272682479375 11 11 2 L
1745578272692833879 14 12 13 O
1745578272695006204 9 0 2 J
1745578272696311723 11 12 2 L
1745578272705724215 13 8 4 N
1745578272737375045 14 12 14 O
1745578272738576891 13 8 3 N
1745578272738669070 11 11 2 L
1745578272741908661 9 14 2 J
1745578272764270187 9 13 2 J
1745578272777618485 14 12 13 O
1745578272778851061 11 11 3 L
1745578272781131087 13 8 3 n
1745578272791597169 11 10 3 L
1745578272808058901 9 13 3 J
1745578272823304328 11 11 3 L
1745578272838748214 11 11 4 L
1745578272838835108 9 14 3 J
1745578272861106319 11 11 5 L
1745578272864514677 9 14 4 J
1745578272880995481 11 11 6 L
1745578272904483113 11 11 5 L
1745578272909787219 9 14 5 J
1745578272922037138 9 0 5 J
1745578272939278114 11 11 4 L
1745578272942666946 9 0 4 J
1745578272970822177 9 0 3 J
1745578272982104313 11 11 5 L
1745578272989280257 9 0 3 j
1745578273028584107 11 11 4 L
1745578273056045699 11 10 4 L
1745578273071355346 11 11 4 L
1745578273100603063 11 10 4 L
1745578273113909404 11 10 3 L
1745578273132132604 11 11 3 L
1745578273160450587 11 12 3 L
1745578273204991184 11 11 3 L
1745578273230454911 11 11 4 L
1745578273254886823 11 11 3 L
1745578273288469808 11 12 3 L
1745578273308002277 11 13 3 L
1745578273341496597 11 13 4 L
1745578273369985098 11 13 5 L
1745578273418247978 11 13 4 L
1745578273442518955 11 13 5 L
1745578273465026276 11 13 4 L
1745578273504427998 11 13 5 L
1745578273523830152 11 13 4 L
1745578273573139980 11 14 4 L
1745578273596546618 11 14 5 L
1745578273612926715 11 13 5 L
1745578273660267477 11 13 6 L
1745578273707678636 11 14 6 L
1745578273753911106 11 0 6 L
1745578273787320726 11 14 6 L
1745578273804903672 11 0 6 L
1745578273832218155 11 14 6 L
1745578273856653923 11 14 7 L
1745578273900021553 11 13 7 L
1745578273942634327 11 13 8 L
1745578273977098043 11 13 9 L
1745578274018506654 11 13 9 l
