-1 15 15 15
1745574168918207136 5 0 9 F
1745574168919422417 6 3 11 G
1745574168920614334 7 7 10 H
1745574168933176554 2 1 7 C
1745574168933226303 9 1 2 J
1745574168934407316 13 14 14 N
1745574168935590473 7 7 9 H
1745574168936738787 0 2 3 A
1745574168938928839 8 0 12 I
1745574168943300914 1 4 1 B
1745574168944489461 6 4 11 G
1745574168945750128 12 3 7 M
1745574168947980965 3 2 9 D
1745574168950388039 11 3 7 L
1745574168953670752 4 13 11 E
1745574168954869782 14 14 2 O
1745574168954889676 5 0 10 F
1745574168954927901 10 8 0 K
1745574168965301885 7 6 9 H
1745574168969580618 0 2 4 A
1745574168969643637 8 0 11 I
1745574168975895532 1 4 2 B
1745574168978150997 13 14 0 N
1745574168980499442 12 3 6 M
1745574168980555966 9 1 3 J
1745574168982990627 2 1 6 C
1745574168983072267 14 13 2 O
1745574168985226473 11 2 7 L
1745574168987693867 6 3 11 G
1745574168988894952 3 3 9 D
1745574168991223086 5 14 10 F
1745574168992444582 4 14 11 E
1745574168995895268 8 14 11 I
1745574168997146303 2 0 6 C
1745574168999584536 10 8 14 K
1745574169002046600 7 5 9 H
1745574169002088243 13 14 1 N
1745574169003245675 9 0 3 J
1745574169005507142 6 3 12 G
1745574169008900660 11 1 7 L
1745574169012233788 3 3 10 D
1745574169015723155 1 4 3 B
1745574169016970985 12 3 7 M
1745574169019275384 0 2 3 A
1745574169019331479 9 0 2 J
1745574169025728564 6 4 12 G
1745574169025796841 3 2 10 D
1745574169025831594 8 14 10 I
1745574169026891556 11 2 7 L
1745574169030193854 14 13 3 O
1745574169030288742 7 4 9 H
1745574169031614843 5 14 9 F
1745574169031707419 2 0 7 C
1745574169034001362 1 3 3 B
1745574169038309003 10 9 14 K
1745574169039511337 4 14 10 E
1745574169045844591 13 0 1 N
1745574169045943347 14 14 3 O
1745574169046996191 11 2 8 L
1745574169052458737 3 2 11 D
1745574169054884930 12 4 7 M
1745574169056042391 9 1 2 J
1745574169058407176 4 14 9 E
1745574169059898407 8 14 9 I
1745574169059999433 6 4 13 G
1745574169062183591 1 3 4 B
1745574169064500382 11 2 9 L
1745574169067886596 0 2 4 A
1745574169067959979 3 2 10 D
1745574169070419111 5 14 8 F
1745574169071603862 14 14 4 O
1745574169074881979 10 9 13 K
1745574169076030128 2 0 6 C
1745574169078345315 7 4 8 H
1745574169079530843 13 0 2 N
1745574169082882027 8 13 9 I
1745574169084024373 3 1 10 D
1745574169089323338 12 5 7 M
1745574169091912506 10 10 13 K
1745574169097213516 3 2 10 D
1745574169100589703 7 4 9 H
1745574169101808333 14 13 4 O
1745574169101858661 9 1 3 J
1745574169101866666 6 4 12 G
1745574169104178772 0 1 4 A
1745574169105368521 4 14 8 E
1745574169106579563 11 2 10 L
1745574169107806130 2 1 6 C
1745574169108950521 1 2 4 B
1745574169108999793 3 2 9 D
1745574169113292814 5 13 8 F
1745574169113363452 13 1 2 N
1745574169115695165 8 13 10 I
1745574169120178541 2 0 6 C
1745574169124597338 0 1 5 A
1745574169131005721 14 12 4 O
1745574169132250285 6 5 12 G
1745574169132312976 9 0 3 J
1745574169132337882 4 14 7 E
1745574169132341323 12 6 7 M
1745574169137692302 3 3 9 D
1745574169137759455 1 3 4 B
1745574169142013831 10 11 13 K
1745574169143305611 13 0 2 N
1745574169143395870 11 2 9 L
1745574169145686245 7 3 9 H
1745574169154074198 6 5 13 G
1745574169160502538 8 14 10 I
1745574169161714224 4 0 7 E
1745574169162912058 5 12 8 F
1745574169162953428 0 1 6 A
1745574169164172514 12 6 6 M
1745574169165395508 2 14 6 C
1745574169165490495 9 1 3 J
1745574169167694963 11 2 8 L
1745574169168944443 6 5 14 G
1745574169172374854 3 2 9 D
1745574169174849331 13 14 2 N
1745574169175159200 1 2 4 B
1745574169175215855 14 12 5 O
1745574169179637882 12 7 6 M
1745574169179735394 10 11 14 K
1745574169179854440 8 13 10 I
1745574169192962262 9 0 3 J
1745574169194289283 11 1 8 L
1745574169194379821 7 3 10 H
1745574169195695139 0 2 6 A
1745574169195815145 8 13 9 I
1745574169196887857 10 11 0 K
1745574169197030124 12 8 6 M
1745574169198395469 1 2 5 B
1745574169200968334 13 0 2 N
1745574169204223394 9 0 2 J
1745574169206652765 6 6 14 G
1745574169207859002 2 13 6 C
1745574169207910073 11 1 7 L
1745574169209120363 1 3 5 B
1745574169209231729 5 11 8 F
1745574169211648550 4 0 6 E
1745574169214947712 14 12 4 O
1745574169216264408 0 2 7 A
1745574169219619141 3 2 10 D
1745574169219702642 10 12 0 K
1745574169220868606 5 12 8 F
1745574169220921204 7 3 11 H
1745574169228527825 13 0 3 N
1745574169232900120 8 13 8 I
1745574169235324539 2 13 5 C
1745574169235378765 11 1 6 L
1745574169237786043 4 0 7 E
1745574169241160961 9 1 2 J
1745574169243555953 12 8 5 M
1745574169245955637 3 1 10 D
1745574169248416509 4 0 8 E
1745574169248503828 2 13 4 C
1745574169248591266 0 1 7 A
1745574169251637806 8 13 9 I
1745574169255128871 13 1 3 N
1745574169255198658 6 6 0 G
1745574169255223061 1 3 4 B
1745574169255312245 14 12 3 O
1745574169257550747 7 4 11 H
1745574169265054595 9 0 2 J
1745574169265127167 10 11 0 K
1745574169267434986 5 11 8 F
1745574169267490252 0 2 7 A
1745574169267506228 8 13 8 I
1745574169270952295 11 2 6 L
1745574169277442886 3 2 10 D
1745574169277511495 6 7 0 G
1745574169279956312 8 12 8 I
1745574169281245787 1 4 4 B
1745574169284634313 9 0 1 J
1745574169289991651 12 8 6 M
1745574169290082361 13 2 3 N
1745574169292365832 11 2 7 L
1745574169293673505 2 13 3 C
1745574169294891954 1 5 4 B
1745574169296046274 7 4 10 H
1745574169296130630 4 1 8 E
1745574169296212641 14 12 4 O
1745574169296256273 0 3 7 A
1745574169298427473 5 11 9 F
1745574169300888601 3 2 11 D
1745574169302045501 10 11 1 K
1745574169304352800 13 2 4 N
1745574169311841664 12 8 5 M
1745574169314172338 5 11 8 F
1745574169314264981 10 11 2 K
1745574169315393216 11 2 8 L
1745574169316702662 13 2 3 N
1745574169317965241 14 13 4 O
1745574169319256947 3 2 10 D
1745574169320557382 9 0 2 J
1745574169323954092 2 12 3 C
1745574169325137475 1 5 5 B
1745574169327519564 8 12 7 I
1745574169328833974 4 0 8 E
1745574169329964732 0 4 7 A
1745574169334387083 7 4 11 H
1745574169335709697 5 11 7 F
1745574169338964956 14 13 3 O
1745574169344418710 8 12 6 I
1745574169346678076 7 4 10 H
1745574169347951230 3 2 9 D
1745574169350327561 11 2 7 L
1745574169352743224 14 12 3 O
1745574169352828111 10 11 3 K
1745574169354984136 2 13 3 C
1745574169358218497 4 0 7 E
1745574169358268231 0 4 6 A
1745574169358416582 9 0 3 J
1745574169358442833 12 7 5 M
1745574169361441159 1 6 5 B
1745574169365712669 13 1 3 N
1745574169366799790 7 4 11 H
1745574169372939139 11 3 7 L
1745574169375104214 2 12 3 C
1745574169379511347 5 12 7 F
1745574169380716165 12 7 4 M
1745574169380772776 0 4 7 A
1745574169383962229 3 1 9 D
1745574169384009758 10 11 4 K
1745574169385271203 4 0 8 E
1745574169386564259 9 14 3 J
1745574169388905099 8 11 6 I
1745574169389974849 7 5 11 H
1745574169391221888 5 12 6 F
1745574169391266049 1 5 5 B
1745574169392418200 0 4 6 A
1745574169396567824 3 1 8 D
1745574169397806949 9 14 2 J
1745574169399938804 14 11 3 O
1745574169400996403 10 11 5 K
1745574169404267652 13 1 2 N
1745574169410493361 14 11 4 O
1745574169410530299 4 1 8 E
1745574169412724152 2 12 4 C
1745574169414873145 10 11 4 K
1745574169415996919 11 4 7 L
1745574169418175102 13 1 1 N
1745574169420465723 7 5 10 H
1745574169424826279 12 7 3 M
1745574169425897029 9 0 2 J
1745574169427044485 1 4 5 B
1745574169433415401 0 4 7 A
1745574169433439021 13 1 2 N
1745574169435718371 7 5 11 H
1745574169437002229 5 12 5 F
1745574169438269996 11 4 8 L
1745574169443630304 10 10 4 K
1745574169444792104 3 1 7 D
1745574169446953133 2 13 4 C
1745574169454206510 5 11 5 F
1745574169456555378 14 11 5 O
1745574169457732827 13 2 2 N
1745574169457750061 4 1 7 E
1745574169458886224 1 4 4 B
1745574169462237310 12 7 2 M
1745574169466678718 9 0 3 J
1745574169466739434 7 4 11 H
1745574169471038216 13 2 3 N
1745574169472222206 2 13 5 C
1745574169473405056 3 0 7 D
1745574169476754228 0 5 7 A
1745574169478964346 11 4 9 L
1745574169484405527 12 7 3 M
1745574169488855813 10 10 5 K
1745574169488910155 4 0 7 E
1745574169490022833 5 11 6 F
1745574169496496958 12 6 3 M
1745574169498971538 1 5 4 B
1745574169500266593 0 5 8 A
1745574169501489974 5 11 7 F
1745574169502805139 11 4 8 L
1745574169503963062 14 10 5 O
1745574169506398875 13 2 2 N
1745574169511784654 1 5 5 B
1745574169511851913 9 0 4 J
1745574169512945934 7 3 11 H
1745574169518222825 2 14 5 C
1745574169519451319 12 6 2 M
1745574169520743977 11 4 9 L
1745574169521913788 3 14 7 D
1745574169523094339 10 11 5 K
1745574169525437557 7 3 10 H
1745574169527909963 5 12 7 F
1745574169529195617 1 4 5 B
1745574169534567108 4 0 8 E
1745574169536989129 0 6 8 A
1745574169539279208 12 6 3 M
1745574169540585870 7 3 11 H
1745574169548010504 14 11 5 O
1745574169550418244 5 13 7 F
1745574169551711028 10 10 5 K
1745574169555068948 2 0 5 C
1745574169556278561 13 3 2 N
1745574169557569756 1 5 5 B
1745574169558824746 3 14 6 D
1745574169558883531 9 0 3 J
1745574169561078333 11 4 8 L
1745574169562389261 14 11 4 O
1745574169566725129 4 1 8 E
1745574169566837558 0 6 7 A
1745574169573078569 7 3 10 H
1745574169574277648 14 10 4 O
1745574169574378208 12 6 2 M
1745574169577653267 11 4 9 L
1745574169577790536 13 3 1 N
1745574169579973934 9 1 3 J
1745574169582385256 10 10 6 K
1745574169583587540 5 13 6 F
1745574169588881927 13 4 1 N
1745574169591135389 3 0 6 D
1745574169598561349 9 0 3 J
1745574169598600253 4 0 8 E
1745574169598611717 0 7 7 A
1745574169598635404 12 6 3 M
1745574169604903810 2 14 5 C
1745574169604933605 1 4 5 B
1745574169607177600 13 4 0 N
1745574169610321141 7 2 10 H
1745574169612545837 9 1 3 J
1745574169615720577 3 1 6 D
1745574169616831868 11 4 8 L
1745574169621944194 13 4 14 N
1745574169623022005 14 11 4 O
1745574169623035385 0 6 7 A
1745574169625371297 5 14 6 F
1745574169632544652 2 14 6 C
1745574169637740267 9 2 3 J
1745574169638818350 7 1 10 H
1745574169639898550 4 0 7 E
1745574169643230124 3 2 6 D
1745574169645597895 12 7 3 M
1745574169650978035 1 4 4 B
1745574169652239893 14 10 4 O
1745574169652332182 5 14 7 F
1745574169657733079 13 5 14 N
1745574169663992873 2 0 6 C
1745574169664094146 7 1 11 H
1745574169664135371 5 14 6 F
1745574169665205094 14 9 4 O
1745574169670463522 9 2 2 J
1745574169671703305 0 7 7 A
1745574169674054616 4 1 7 E
1745574169674153149 1 4 3 B
1745574169676443013 5 0 6 F
1745574169677561864 3 1 6 D
1745574169679815146 13 5 13 N
1745574169689025329 12 7 4 M
1745574169690148550 5 0 7 F
1745574169691243917 13 6 13 N
1745574169693445096 14 10 4 O
1745574169694527591 2 0 5 C
1745574169694601241 9 3 2 J
1745574169699795552 4 1 6 E
1745574169706154606 7 2 11 H
1745574169706232888 0 6 7 A
1745574169708483111 9 3 3 J
1745574169713860640 4 0 6 E
1745574169718040365 3 2 6 D
1745574169722481097 1 3 3 B
1745574169724822404 14 9 4 O
1745574169727050977 13 6 14 N
1745574169729368389 7 3 11 H
1745574169737562364 12 7 5 M
1745574169737684353 5 14 7 F
1745574169738716771 2 14 5 C
1745574169739894025 13 5 14 N
1745574169745121285 0 6 8 A
1745574169751448820 2 0 5 C
1745574169755755579 7 2 11 H
1745574169756931792 9 2 3 J
1745574169762158792 3 2 7 D
1745574169762252952 4 0 5 E
1745574169767513214 1 3 2 B
1745574169768742367 14 9 5 O
1745574169768810377 12 7 4 M
1745574169771018749 7 2 10 H
1745574169776272731 3 3 7 D
1745574169781594555 5 0 7 F
1745574169783893661 9 1 3 J
1745574169788150441 13 5 13 N
1745574169789395621 14 8 5 O
1745574169790580528 1 4 2 B
1745574169792865183 12 7 3 M
1745574169792970992 0 6 7 A
1745574169794285631 5 1 7 F
1745574169795573960 3 3 6 D
1745574169799971733 2 1 5 C
1745574169802400346 7 2 9 H
1745574169809891273 0 7 7 A
1745574169812179913 9 2 3 J
1745574169822643117 0 8 7 A
1745574169823859157 14 8 4 O
1745574169823938553 5 2 7 F
1745574169826147044 12 7 4 M
1745574169829659653 9 2 4 J
1745574169830898984 13 6 13 N
1745574169830980417 7 2 10 H
1745574169833308912 1 4 3 B
1745574169837621259 3 3 5 D
1745574169838902588 12 6 4 M
1745574169842191349 2 2 5 C
1745574169847569925 1 3 3 B
1745574169853879849 13 5 13 N
1745574169860180161 9 3 4 J
1745574169861394108 0 8 6 A
1745574169865733858 2 1 5 C
1745574169871989961 5 2 6 F
1745574169873256310 1 3 2 B
1745574169874553311 7 2 9 H
1745574169879802183 3 4 5 D
1745574169883051770 13 4 13 N
1745574169887370080 12 6 3 M
1745574169896611396 5 2 5 F
1745574169899822682 0 9 6 A
1745574169901966145 1 3 3 B
1745574169901978693 9 3 3 J
1745574169907190556 13 3 13 N
1745574169908349368 2 0 5 C
1745574169913490625 9 2 3 J
1745574169919598489 7 2 8 H
1745574169920704675 3 4 4 D
1745574169925820247 5 2 6 F
1745574169931951727 12 6 4 M
1745574169938139556 9 2 4 J
1745574169938150279 13 4 13 N
1745574169944342769 12 6 5 M
1745574169945468336 3 4 3 D
1745574169945480368 1 4 3 B
1745574169949636582 0 9 5 A
1745574169955731640 1 3 3 B
1745574169956785080 2 14 5 C
1745574169959930569 7 1 8 H
1745574169967078962 5 2 7 F
1745574169973275898 9 3 4 J
1745574169977426282 1 3 4 B
1745574169977474867 13 4 12 N
1745574169978552047 0 10 5 A
1745574169979731676 12 6 6 M
1745574169992971126 2 0 5 C
1745574169993023934 3 4 4 D
1745574169998304614 0 9 5 A
1745574170006799476 7 2 8 H
1745574170006808262 9 2 4 J
1745574170008012225 5 2 8 F
1745574170016320733 12 6 7 M
1745574170018674857 7 1 8 H
1745574170021111182 1 3 3 B
1745574170027575193 13 5 12 N
1745574170028817613 9 2 3 J
1745574170030026350 12 6 6 M
1745574170035459177 5 1 8 F
1745574170041884756 3 5 4 D
1745574170043069413 2 0 4 C
1745574170045536322 7 1 9 H
1745574170045555197 0 10 5 A
1745574170045557577 13 4 12 N
1745574170049992581 9 2 4 J
1745574170052412923 5 0 8 F
1745574170058877010 12 5 6 M
1745574170063196347 1 4 3 B
1745574170066533277 3 6 4 D
1745574170067754010 7 2 9 H
1745574170073052336 13 4 13 N
1745574170078529357 0 10 4 A
1745574170083801358 3 7 4 D
1745574170087097801 9 2 5 J
1745574170093539296 2 0 3 C
1745574170095854040 1 3 3 B
1745574170095942782 5 0 7 F
1745574170100138751 7 2 8 H
1745574170104482242 12 5 7 M
1745574170108838984 0 10 3 A
1745574170118357125 7 3 8 H
1745574170118403922 9 2 4 J
1745574170118408922 3 6 4 D
1745574170121750493 13 5 13 N
1745574170125123776 5 0 8 F
1745574170128519703 12 5 6 M
1745574170128571739 0 9 3 A
1745574170135912613 7 2 8 H
1745574170137124342 9 2 5 J
1745574170138424428 2 14 3 C
1745574170139728849 0 10 3 A
1745574170140946205 1 3 4 B
1745574170147405612 13 6 13 N
1745574170150989789 5 14 8 F
1745574170155334628 3 5 4 D
1745574170159802106 7 3 8 H
1745574170161055440 12 5 5 M
1745574170166510323 1 3 5 B
1745574170168899622 0 10 2 A
1745574170171313178 5 14 7 F
1745574170179815007 9 1 5 J
1745574170185092832 3 6 4 D
1745574170187565001 12 5 6 M
1745574170187615038 13 6 14 N
1745574170188891802 5 0 7 F
1745574170198299265 12 5 7 M
1745574170203757253 7 3 7 H
1745574170203845757 1 3 4 B
1745574170203845737 9 1 6 J
1745574170208977532 3 6 3 D
1745574170213439046 0 10 1 A
1745574170217960462 5 0 8 F
1745574170221443643 12 4 7 M
1745574170223882789 1 3 3 B
1745574170223934876 7 3 6 H
1745574170226306554 13 6 13 N
1745574170235753952 9 2 6 J
1745574170242047385 3 6 2 D
1745574170243262038 5 0 9 F
1745574170246664195 12 5 7 M
1745574170247894213 13 6 14 N
1745574170253207199 0 10 0 A
1745574170259596576 7 4 6 H
1745574170264991037 9 1 6 J
1745574170265063462 3 7 2 D
1745574170271387639 12 5 8 M
1745574170272627257 1 3 2 B
1745574170277994184 5 1 9 F
1745574170279240776 9 0 6 J
1745574170289699303 9 0 7 J
1745574170296008631 12 5 7 M
1745574170296106733 13 7 14 N
1745574170302361824 3 7 3 D
1745574170303570754 7 4 7 H
1745574170304783409 5 0 9 F
1745574170315028989 12 5 6 M
1745574170322700922 1 2 2 B
1745574170323951374 7 4 8 H
1745574170329281002 9 1 7 J
1745574170332713583 13 7 13 N
1745574170339980678 12 4 6 M
1745574170343394053 9 0 7 J
1745574170355023551 5 0 10 F
1745574170361403354 1 1 2 B
1745574170364830627 7 5 8 H
1745574170375225012 13 7 14 N
1745574170375245202 5 0 11 F
1745574170383419556 12 4 5 M
1745574170390562956 9 0 6 J
1745574170395823215 1 1 3 B
1745574170397968255 5 0 12 F
1745574170406400028 12 3 5 M
1745574170407666821 7 5 9 H
1745574170410911382 13 6 14 N
1745574170412085477 9 0 7 J
1745574170414338573 1 1 2 B
1745574170427598000 12 2 5 M
1745574170429867350 13 6 13 N
1745574170444405535 12 3 5 M
1745574170446604602 7 6 9 H
1745574170447871451 5 1 12 F
1745574170447948827 13 6 14 N
1745574170450108142 9 0 8 J
1745574170452543001 1 2 2 B
1745574170458824746 12 3 4 M
1745574170461089833 9 14 8 J
1745574170461177589 13 6 13 N
1745574170475581327 12 3 3 M
1745574170480942912 5 1 13 F
1745574170487258064 7 7 9 H
1745574170489539254 13 7 13 N
1745574170496982428 5 2 13 F
1745574170498195504 1 1 2 B
1745574170499479073 9 13 8 J
1745574170507891193 12 3 4 M
1745574170510154087 7 6 9 H
1745574170512530404 13 6 13 N
1745574170521875244 9 12 8 J
1745574170526161194 13 7 13 N
1745574170533629666 7 6 8 H
1745574170534888013 9 11 8 J
1745574170534921627 1 1 3 B
1745574170543138604 5 2 12 F
1745574170545574419 1 1 2 B
1745574170547885147 13 7 12 N
1745574170554225822 5 2 13 F
1745574170555458914 12 3 3 M
1745574170567202546 7 6 9 H
1745574170568413717 9 11 7 J
1745574170584056118 5 1 13 F
1745574170592383690 1 2 2 B
1745574170593627089 9 11 6 J
1745574170596984571 13 8 12 N
1745574170604517367 12 3 4 M
1745574170607933906 7 6 10 H
1745574170618331556 9 12 6 J
1745574170622524976 13 8 11 N
1745574170626783809 1 1 2 B
1745574170630082438 5 0 13 F
1745574170641476782 7 7 10 H
1745574170646893760 12 2 4 M
1745574170656320583 9 13 6 J
1745574170659586143 7 7 11 H
1745574170666909062 1 1 3 B
1745574170670369018 5 14 13 F
1745574170671673663 13 9 11 N
1745574170680125099 9 13 5 J
1745574170686546674 7 8 11 H
1745574170694025112 9 14 5 J
1745574170695247189 12 3 4 M
1745574170696469966 13 9 12 N
1745574170702997642 1 2 3 B
1745574170716705250 9 14 4 J
1745574170720084200 5 14 14 F
1745574170723332051 7 9 11 H
1745574170727647656 12 3 5 M
1745574170730079182 13 10 12 N
1745574170742465684 5 14 13 F
1745574170745803392 13 10 11 N
1745574170748072943 1 3 3 B
1745574170752404318 7 9 12 H
1745574170759757921 13 10 12 N
1745574170762027616 1 2 3 B
1745574170763211105 5 14 14 F
1745574170766642219 9 0 4 J
1745574170769987009 12 3 4 M
1745574170780324935 5 0 14 F
1745574170781561783 1 2 4 B
1745574170793897158 7 10 12 H
1745574170800230198 13 10 11 N
1745574170802672355 9 0 5 J
1745574170806014829 5 14 14 F
1745574170806149133 7 10 11 H
1745574170808411410 12 2 4 M
1745574170820809058 1 2 3 B
1745574170828222403 12 1 4 M
1745574170833611101 9 1 5 J
1745574170835979173 5 13 14 F
1745574170839328419 12 1 3 M
1745574170840567523 13 11 11 N
1745574170848011987 9 0 5 J
1745574170851384509 7 10 10 H
1745574170854831034 12 0 3 M
1745574170864131152 1 1 3 B
1745574170869496955 9 1 5 J
1745574170873955639 7 11 10 H
1745574170883332057 12 0 2 M
1745574170883417507 1 2 3 B
1745574170884701922 13 11 12 N
1745574170904987605 12 0 3 M
1745574170913345906 9 1 4 J
1745574170917674101 7 10 10 H
1745574170919971033 13 11 13 N
1745574170923332269 1 1 3 B
1745574170923402532 12 14 3 M
1745574170933793350 1 1 4 B
1745574170955100408 9 1 3 J
1745574170958429378 7 10 9 H
1745574170964848572 12 14 2 M
1745574170979261546 9 0 3 J
1745574170983526197 1 1 3 B
1745574171001944037 7 10 8 H
1745574171003107944 1 0 3 B
1745574171012454058 12 13 2 M
1745574171022645463 9 0 2 J
1745574171025983937 12 12 2 M
1745574171033444959 1 14 3 B
1745574171036806631 7 10 7 H
1745574171044106253 12 12 3 M
1745574171046513995 9 0 3 J
1745574171057154889 1 0 3 B
1745574171058428478 7 11 7 H
1745574171076820025 12 12 2 M
1745574171076913293 9 14 3 J
1745574171091534377 9 0 3 J
1745574171103002966 1 0 4 B
1745574171104293689 9 0 2 J
1745574171105513503 12 12 1 M
1745574171106732074 7 11 6 H
1745574171128276785 1 1 4 B
1745574171132748475 7 11 5 H
1745574171138096506 12 11 1 M
1745574171140456546 1 0 4 B
1745574171143696627 9 1 2 J
1745574171155345430 9 1 1 J
1745574171166814924 12 10 1 M
1745574171170104435 9 1 0 J
1745574171177504849 1 14 4 B
1745574171177574225 7 11 6 H
1745574171194876087 1 13 4 B
1745574171196102879 12 10 0 M
1745574171206548405 9 0 0 J
1745574171216218766 7 11 5 H
1745574171222629723 9 14 0 J
1745574171227987851 7 11 6 H
1745574171239416523 9 14 1 J
1745574171240690379 12 11 0 M
1745574171241026991 1 12 4 B
1745574171253367187 9 14 2 J
1745574171258760605 7 11 5 H
1745574171266266481 12 11 1 M
1745574171269668280 9 13 2 J
1745574171270887351 1 12 5 B
1745574171291391918 7 11 4 H
1745574171296810880 12 11 2 M
1745574171300984293 1 13 5 B
1745574171302196974 9 12 2 J
1745574171303472239 7 11 5 H
1745574171319830505 7 12 5 H
1745574171327236435 1 14 5 B
1745574171337684055 12 12 2 M
1745574171340957612 9 12 3 J
1745574171349335177 7 12 4 H
1745574171360878601 1 0 5 B
1745574171365261327 7 13 4 H
1745574171373576570 9 12 2 J
1745574171379940455 12 12 1 M
1745574171382283915 1 14 5 B
1745574171409707674 7 14 4 H
1745574171421029107 12 13 1 M
1745574171423196488 9 13 2 J
1745574171425336808 1 13 5 B
1745574171434518935 12 13 2 M
1745574171446818889 7 14 3 H
1745574171450059008 1 13 6 B
1745574171458492849 7 0 3 H
1745574171460864011 9 13 3 J
1745574171465223493 12 12 2 M
1745574171473680751 1 13 5 B
1745574171484148370 7 0 2 H
1745574171485435617 1 13 4 B
1745574171492819060 9 14 3 J
1745574171504117519 12 12 1 M
1745574171506490976 7 14 2 H
1745574171530829802 1 13 3 B
1745574171537161927 12 12 2 M
1745574171541623665 9 13 3 J
1745574171545906310 7 14 3 H
1745574171553099168 12 13 2 M
1745574171561503043 7 14 2 H
1745574171563858116 12 12 2 M
1745574171569109636 1 14 3 B
1745574171571489109 9 13 2 J
1745574171594046329 9 13 1 J
1745574171604658488 1 0 3 B
1745574171606967215 12 12 3 M
1745574171610272030 7 0 2 H
1745574171630576771 9 12 1 J
1745574171630635572 1 14 3 B
1745574171638938097 12 12 4 M
1745574171640123840 7 0 1 H
1745574171656560463 1 14 4 B
1745574171672929976 9 12 0 J
1745574171675360596 7 1 1 H
1745574171676640758 12 12 3 M
1745574171680937871 1 14 5 B
1745574171706268161 1 14 4 B
1745574171706299315 7 1 2 H
1745574171718610584 12 12 4 M
1745574171722930187 7 1 3 H
1745574171751369243 1 0 4 B
1745574171752604356 12 13 4 M
1745574171767903461 12 12 4 M
1745574171781498756 1 1 4 B
1745574171783871022 12 12 5 M
1745574171802105203 12 12 4 M
1745574171824307101 1 0 4 B
1745574171837688895 12 12 5 M
1745574171866114963 1 14 4 B
1745574171866179527 12 12 4 M
1745574171878673261 1 13 4 B
wait group stopped waiting
1745574171882967004 12 11 4 M
exiting for loop
