-1  15  15  15
 0.008394387  3  0  2 D
 0.040638375  3  0  3 D
 0.088842286  3  14  3 D
 0.121102889  3  0  3 D
 0.164703891  3  0  4 D
 0.277774552  3  0  4 d
 0.009572264  12  1  2 M
 0.040729433  12  0  2 M
 0.088881909  12  0  3 M
 0.110014450  12  0  4 M
 0.138544199  12  0  5 M
 0.278275563  12  0  5 m
 0.009175516  9  11  5 J
 0.046740667  9  12  5 J
 0.073735700  9  13  5 J
 0.102653013  9  14  5 J
 0.121102841  9  14  6 J
 0.136034978  9  14  5 J
 0.278675677  9  14  5 j
 0.009059013  8  3  4 I
 0.054788650  8  3  3 I
 0.102819290  8  3  4 I
 0.143829071  8  2  4 I
 0.186565429  8  1  4 I
 0.301230632  8  1  4 i
 0.008937117  7  4  0 H
 0.040415429  7  3  0 H
 0.057070352  7  2  0 H
 0.101734453  7  1  0 H
 0.145860879  7  2  0 H
 0.164534381  7  1  0 H
 0.185966475  7  0  0 H
 0.236063236  7  0  14 H
 0.272917656  7  1  14 H
 0.388430759  7  1  14 h
 0.008217126  2  14  12 C
 0.049169110  2  0  12 C
 0.068840487  2  0  11 C
 0.096411578  2  0  12 C
 0.123442662  2  1  12 C
 0.171897565  2  1  13 C
 0.190824806  2  1  12 C
 0.219983379  2  0  12 C
 0.234137177  2  1  12 C
 0.280201219  2  1  13 C
 0.391428856  2  1  13 c
 0.008540790  4  13  14 E
 0.031572961  4  13  13 E
 0.065379462  4  12  13 E
 0.083171841  4  11  13 E
 0.102653108  4  12  13 E
 0.121102841  4  13  13 E
 0.162983941  4  13  14 E
 0.204427921  4  13  0 E
 0.232437686  4  13  14 E
 0.262820328  4  14  14 E
 0.295158685  4  14  13 E
 0.310902792  4  0  13 E
 0.425854144  4  0  13 e
 0.009812268  14  3  2 O
 0.032022877  14  4  2 O
 0.082325356  14  4  1 O
 0.132257614  14  4  0 O
 0.168128838  14  5  0 O
 0.184842296  14  5  1 O
 0.197250389  14  5  0 O
 0.210067802  14  5  14 O
 0.241031997  14  4  14 O
 0.276333488  14  4  0 O
 0.312918193  14  5  0 O
 0.362814355  14  5  1 O
 0.376704593  14  5  0 O
 0.400985547  14  5  14 O
 0.423267817  14  5  13 O
 0.441251226  14  4  13 O
 0.008036216  1  5  14 B
 0.027353483  1  4  14 B
 0.056207702  1  3  14 B
 0.079586905  1  3  13 B
 0.128337749  1  3  14 B
 0.152802964  1  3  0 B
 0.179492879  1  2  0 B
 0.209936668  1  1  0 B
 0.236153001  1  0  0 B
 0.251656730  1  14  0 B
 0.286617461  1  0  0 B
 0.317873771  1  14  0 B
 0.355195792  1  13  0 B
 0.376704806  1  14  0 B
 0.407614898  1  14  1 B
 0.427491745  1  14  2 B
 0.462592425  1  13  2 B
 0.488402026  1  13  3 B
 0.513426417  1  13  4 B
 0.555812334  1  14  4 B
 0.576830455  1  13  4 B
 0.592871372  1  13  5 B
 0.739021177  1  13  5 b
 0.009416838  11  0  11 L
 0.048667635  11  14  11 L
 0.089500068  11  13  11 L
 0.105504844  11  14  11 L
 0.153959678  11  14  12 L
 0.167447461  11  13  12 L
 0.198292198  11  14  12 L
 0.209936674  11  14  11 L
 0.239964596  11  14  10 L
 0.250402841  11  13  10 L
 0.278468707  11  12  10 L
 0.308232913  11  12  11 L
 0.330323677  11  12  10 L
 0.375016996  11  13  10 L
 0.420517031  11  13  9 L
 0.431672596  11  13  8 L
 0.475057122  11  14  8 L
 0.492547476  11  14  9 L
 0.513426408  11  0  9 L
 0.558838463  11  0  8 L
 0.589897825  11  1  8 L
 0.629106824  11  0  8 L
 0.663579804  11  0  7 L
 0.705552446  11  14  7 L
 0.752268507  11  14  6 L
 0.777414160  11  0  6 L
 0.824982742  11  1  6 L
 0.845192905  11  2  6 L
 0.860676250  11  2  5 L
 0.880603416  11  1  5 L
 1.001490845  11  1  5 l
 0.007855625  0  1  9 A
 0.028984580  0  1  10 A
 0.068802129  0  2  10 A
 0.086885768  0  1  10 A
 0.119099244  0  1  11 A
 0.161500295  0  0  11 A
 0.190884404  0  0  12 A
 0.213272300  0  14  12 A
 0.246261418  0  14  11 A
 0.262820314  0  13  11 A
 0.279956297  0  13  12 A
 0.307988637  0  13  13 A
 0.322641144  0  12  13 A
 0.332902524  0  12  12 A
 0.373665351  0  11  12 A
 0.392328334  0  11  11 A
 0.434438806  0  11  12 A
 0.459333866  0  12  12 A
 0.482543444  0  11  12 A
 0.521478762  0  11  13 A
 0.543740089  0  11  12 A
 0.562339409  0  11  11 A
 0.596743669  0  11  12 A
 0.637657412  0  10  12 A
 0.668083725  0  11  12 A
 0.691557988  0  10  12 A
 0.740414033  0  9  12 A
 0.767357361  0  9  13 A
 0.817173593  0  9  14 A
 0.841252119  0  10  14 A
 0.869193853  0  9  14 A
 1.003204370  0  9  14 a
 0.008815700  6  8  0 G
 0.053978443  6  8  14 G
 0.087943426  6  8  0 G
 0.135215258  6  9  0 G
 0.163416817  6  9  14 G
 0.205273950  6  9  0 G
 0.227401443  6  9  1 G
 0.252974321  6  9  2 G
 0.284553456  6  9  1 G
 0.332479381  6  9  0 G
 0.347454792  6  10  0 G
 0.358458832  6  9  0 G
 0.397735077  6  8  0 G
 0.421020499  6  9  0 G
 0.469926511  6  8  0 G
 0.493656375  6  8  14 G
 0.539216015  6  8  0 G
 0.565957806  6  7  0 G
 0.609351918  6  8  0 G
 0.650641780  6  7  0 G
 0.697983327  6  7  1 G
 0.713044067  6  7  2 G
 0.761891268  6  7  1 G
 0.810099435  6  8  1 G
 0.849724503  6  9  1 G
 0.895179381  6  9  0 G
 1.036567572  6  9  0 g
 0.009296958  10  1  6 K
 0.043436508  10  1  7 K
 0.056333470  10  1  8 K
 0.090888338  10  0  8 K
 0.103335873  10  0  7 K
 0.138405538  10  1  7 K
 0.178658576  10  0  7 K
 0.221560473  10  1  7 K
 0.236268578  10  1  6 K
 0.281331454  10  2  6 K
 0.320289903  10  2  7 K
 0.346215587  10  2  8 K
 0.388441718  10  2  7 K
 0.402846538  10  3  7 K
 0.418779838  10  2  7 K
 0.457949857  10  2  8 K
 0.470510957  10  2  7 K
 0.496640716  10  1  7 K
 0.534008444  10  1  8 K
 0.547520907  10  2  8 K
 0.565354284  10  2  9 K
 0.596933989  10  2  10 K
 0.620532469  10  2  11 K
 0.631542059  10  3  11 K
 0.647947209  10  4  11 K
 0.691044161  10  4  12 K
 0.726857117  10  5  12 K
 0.769618126  10  5  11 K
 0.797112992  10  4  11 K
 0.826878711  10  3  11 K
 0.875914395  10  3  12 K
 0.919412081  10  3  11 K
 0.966021510  10  3  12 K
 0.993918382  10  2  12 K
 1.011159502  10  2  13 K
 1.060066880  10  3  13 K
 1.084877673  10  4  13 K
 1.127823697  10  4  12 K
 1.244071196  10  4  12 k
 0.008693737  5  12  8 F
 0.031413732  5  12  9 F
 0.059911837  5  11  9 F
 0.085687748  5  10  9 F
 0.109126991  5  11  9 F
 0.133655658  5  12  9 F
 0.149073493  5  11  9 F
 0.188663957  5  12  9 F
 0.219587609  5  11  9 F
 0.251001531  5  10  9 F
 0.283368236  5  9  9 F
 0.319463525  5  10  9 F
 0.363519550  5  9  9 F
 0.406716921  5  9  10 F
 0.444857530  5  9  11 F
 0.462592210  5  9  12 F
 0.502966231  5  9  11 F
 0.553178946  5  9  10 F
 0.577826579  5  9  11 F
 0.627204775  5  9  12 F
 0.656269845  5  9  11 F
 0.670462324  5  8  11 F
 0.717516371  5  9  11 F
 0.729710998  5  8  11 F
 0.742887865  5  8  10 F
 0.787402515  5  8  9 F
 0.826241860  5  7  9 F
 0.854144073  5  7  10 F
 0.883824007  5  6  10 F
 0.941135526  5  7  10 F
 0.958151716  5  6  10 F
 0.975845939  5  5  10 F
 1.016893606  5  4  10 F
 1.062058177  5  3  10 F
 1.087030114  5  3  11 F
 1.108947212  5  4  11 F
 1.245745546  5  4  11 f
 0.009693060  13  10  6 N
 0.046740773  13  11  6 N
 0.066175668  13  12  6 N
 0.107413177  13  13  6 N
 0.117925006  13  12  6 N
 0.132830475  13  12  7 N
 0.167364597  13  11  7 N
 0.215942418  13  10  7 N
 0.252360916  13  9  7 N
 0.296832977  13  8  7 N
 0.317873994  13  9  7 N
 0.338777007  13  10  7 N
 0.361011996  13  10  8 N
 0.381100863  13  10  9 N
 0.408384323  13  10  10 N
 0.444900581  13  9  10 N
 0.484586110  13  8  10 N
 0.534042882  13  8  11 N
 0.579894626  13  8  10 N
 0.602419819  13  8  11 N
 0.613255622  13  8  10 N
 0.629376978  13  7  10 N
 0.679643382  13  8  10 N
 0.710997060  13  7  10 N
 0.787491371  13  8  10 N
 0.827645541  13  8  11 N
 0.861197104  13  8  10 N
 0.889941467  13  8  9 N
 0.902459550  13  7  9 N
 0.929935389  13  7  10 N
 0.941047920  13  8  10 N
 0.964546755  13  7  10 N
 1.005580310  13  7  11 N
 1.050328531  13  8  11 N
 1.085599262  13  9  11 N
 1.120862406  13  9  12 N
 1.139179515  13  10  12 N
 1.182898240  13  10  11 N
 1.228003261  13  10  12 N
 1.262375398  13  10  11 N
 1.295487585  13  10  10 N
 1.311397519  13  10  11 N
 1.358364199  13  10  10 N
 1.395416936  13  10  11 N
 1.417668023  13  9  11 N
 1.452146825  13  9  12 N
 1.477482034  13  8  12 N
 1.501189149  13  8  13 N
 1.539480813  13  8  14 N
 1.555692458  13  7  14 N
 1.582318818  13  7  0 N
 1.594049280  13  6  0 N
 1.638453997  13  7  0 N
 1.681335474  13  8  0 N
 1.730484956  13  8  14 N
 1.871941693  13  8  14 n
