 0.011467924  8  8  0  I
 0.052859933  8  8  1  I
 0.052860186  8  8  2  I
 0.100547127  8  8  3  I
 0.100547329  8  8  0  I
 0.122947311  8  8  1  I
 0.122947544  8  8  2  I
 0.143762224  8  8  3  I
 0.143762335  8  8  0  I
 0.160607383  8  8  1  I
 0.160607646  8  8  2  I
 0.174970886  8  8  3  I
 0.174971159  8  8  0  I
 0.189025850  8  8  1  I
 0.189025961  8  8  2  I
 0.231796827  8  8  3  I
 0.231797028  8  8  0  I
 0.276197369  8  8  1  I
 0.276197531  8  8  2  I
 0.287364285  8  8  3  I
 0.287364547  8  8  0  I
 0.301145051  8  8  1  I
 0.301145172  8  8  2  I
 0.316523743  8  8  3  I
 0.316524005  8  8  0  I
 0.327088322  8  8  1  I
 0.327088524  8  8  2  I
 0.368288661  8  8  3  I
 0.368288843  8  8  0  I
 0.411394972  8  8  1  I
 0.411395093  8  8  2  I
 0.426853482  8  8  3  I
 0.426853735  8  8  0  I
 0.447843510  8  8  1  I
 0.447843701  8  8  2  I
 0.470978176  8  8  3  I
 0.470978418  8  8  0  I
 0.499235728  8  8  1  I
 0.499235920  8  8  2  I
 0.535171114  8  8  3  I
 0.535171315  8  8  0  I
 0.569376648  8  8  1  I
 0.569376839  8  8  2  I
 0.612114065  8  8  3  I
 0.612114267  8  8  0  I
 0.628593270  8  8  1  I
 0.628593462  8  8  2  I
 0.652057425  8  8  3  I
 0.652057637  8  8  0  I
 0.668553823  8  8  1  I
 0.668554035  8  8  2  I
 0.706111525  8  8  3  I
 0.706111707  8  8  0  I
 0.011214668  0  0  0  A
 0.038461876  0  0  1  A
 0.038462088  0  0  2  A
 0.067638780  0  0  3  A
 0.067638891  0  0  0  A
 0.089191986  0  0  1  A
 0.089192188  0  0  2  A
 0.103025724  0  0  3  A
 0.103025926  0  0  0  A
 0.116120165  0  0  1  A
 0.116120377  0  0  2  A
 0.156909287  0  0  3  A
 0.156909559  0  0  0  A
 0.172332874  0  0  1  A
 0.172333136  0  0  2  A
 0.213807800  0  0  3  A
 0.213808073  0  0  0  A
 0.262430525  0  0  1  A
 0.262430707  0  0  2  A
 0.301602675  0  0  3  A
 0.301602867  0  0  0  A
 0.347262580  0  0  1  A
 0.347262681  0  0  2  A
 0.360080612  0  0  3  A
 0.360080834  0  0  0  A
 0.382408990  0  0  1  A
 0.382409263  0  0  2  A
 0.417523043  0  0  3  A
 0.417523265  0  0  0  A
 0.464151486  0  0  1  A
 0.464151718  0  0  2  A
 0.484088926  0  0  3  A
 0.484089108  0  0  0  A
 0.495315574  0  0  1  A
 0.495315796  0  0  2  A
 0.532383921  0  0  3  A
 0.532384184  0  0  0  A
 0.578070407  0  0  1  A
 0.578070619  0  0  2  A
 0.610431245  0  0  3  A
 0.610431589  0  0  0  A
 0.631599258  0  0  1  A
 0.631599379  0  0  2  A
 0.680275420  0  0  3  A
 0.680275713  0  0  0  A
 0.710389717  0  0  1  A
 0.710389888  0  0  2  A
 0.741752764  0  0  3  A
 0.741752915  0  0  0  A
 0.773237759  0  0  1  A
 0.773237941  0  0  2  A
 0.804023957  0  0  3  A
 0.804024149  0  0  0  A
 0.011438380  7  7  0  H
 0.022504943  7  7  1  H
 0.022505226  7  7  2  H
 0.043907317  7  7  3  H
 0.043907580  7  7  0  H
 0.091508463  7  7  1  H
 0.091508716  7  7  2  H
 0.126614775  7  7  3  H
 0.126614906  7  7  0  H
 0.145893285  7  7  1  H
 0.145893407  7  7  2  H
 0.164476951  7  7  3  H
 0.164477173  7  7  0  H
 0.198209576  7  7  1  H
 0.198209758  7  7  2  H
 0.215131021  7  7  3  H
 0.215131213  7  7  0  H
 0.227201725  7  7  1  H
 0.227201897  7  7  2  H
 0.252616685  7  7  3  H
 0.252616887  7  7  0  H
 0.272031022  7  7  1  H
 0.272031255  7  7  2  H
 0.292746300  7  7  3  H
 0.292746502  7  7  0  H
 0.324452466  7  7  1  H
 0.324452577  7  7  2  H
 0.351589294  7  7  3  H
 0.351589425  7  7  0  H
 0.389968670  7  7  1  H
 0.389968841  7  7  2  H
 0.434920125  7  7  3  H
 0.434920337  7  7  0  H
 0.474778953  7  7  1  H
 0.474779054  7  7  2  H
 0.521138755  7  7  3  H
 0.521138926  7  7  0  H
 0.535966648  7  7  1  H
 0.535966759  7  7  2  H
 0.547639372  7  7  3  H
 0.547639634  7  7  0  H
 0.583556916  7  7  1  H
 0.583557098  7  7  2  H
 0.606263830  7  7  3  H
 0.606264021  7  7  0  H
 0.630722137  7  7  1  H
 0.630722279  7  7  2  H
 0.657035645  7  7  3  H
 0.657035857  7  7  0  H
 0.704995201  7  7  1  H
 0.704995433  7  7  2  H
 0.746006363  7  7  3  H
 0.746006565  7  7  0  H
 0.787633697  7  7  1  H
 0.787633899  7  7  2  H
 0.804961373  7  7  3  H
 0.804961574  7  7  0  H
 0.854831322  7  7  1  H
 0.854831595  7  7  2  H
 0.884679878  7  7  3  H
 0.884680110  7  7  0  H
 0.011286418  2  2  0  C
 0.047762349  2  2  1  C
 0.047762581  2  2  2  C
 0.076492565  2  2  3  C
 0.076492828  2  2  0  C
 0.113448381  2  2  1  C
 0.113448644  2  2  2  C
 0.153063190  2  2  3  C
 0.153063392  2  2  0  C
 0.195503573  2  2  1  C
 0.195503846  2  2  2  C
 0.213337578  2  2  3  C
 0.213337831  2  2  0  C
 0.239881349  2  2  1  C
 0.239881520  2  2  2  C
 0.258830571  2  2  3  C
 0.258830783  2  2  0  C
 0.273888414  2  2  1  C
 0.273888687  2  2  2  C
 0.303969294  2  2  3  C
 0.303969537  2  2  0  C
 0.353113805  2  2  1  C
 0.353114017  2  2  2  C
 0.395726396  2  2  3  C
 0.395726659  2  2  0  C
 0.410396287  2  2  1  C
 0.410396559  2  2  2  C
 0.450402221  2  2  3  C
 0.450402403  2  2  0  C
 0.482382915  2  2  1  C
 0.482383106  2  2  2  C
 0.495515656  2  2  3  C
 0.495515938  2  2  0  C
 0.513807949  2  2  1  C
 0.513808040  2  2  2  C
 0.534021160  2  2  3  C
 0.534021382  2  2  0  C
 0.560332114  2  2  1  C
 0.560332295  2  2  2  C
 0.598154976  2  2  3  C
 0.598155168  2  2  0  C
 0.642986361  2  2  1  C
 0.642986614  2  2  2  C
 0.663978468  2  2  3  C
 0.663978650  2  2  0  C
 0.705294001  2  2  1  C
 0.705294253  2  2  2  C
 0.736658970  2  2  3  C
 0.736659222  2  2  0  C
 0.768903727  2  2  1  C
 0.768904010  2  2  2  C
 0.787540888  2  2  3  C
 0.787541069  2  2  0  C
 0.828119144  2  2  1  C
 0.828119306  2  2  2  C
 0.855970803  2  2  3  C
 0.855971015  2  2  0  C
 0.889264602  2  2  1  C
 0.889264824  2  2  2  C
 0.920935124  2  2  3  C
 0.920935356  2  2  0  C
 0.011497317  9  9  0  J
 0.047147098  9  9  1  J
 0.047147360  9  9  2  J
 0.064865286  9  9  3  J
 0.064865498  9  9  0  J
 0.098736598  9  9  1  J
 0.098736719  9  9  2  J
 0.136754207  9  9  3  J
 0.136754409  9  9  0  J
 0.152148366  9  9  1  J
 0.152148548  9  9  2  J
 0.189356015  9  9  3  J
 0.189356237  9  9  0  J
 0.204847775  9  9  1  J
 0.204847927  9  9  2  J
 0.225741789  9  9  3  J
 0.225741900  9  9  0  J
 0.262906191  9  9  1  J
 0.262906313  9  9  2  J
 0.277837871  9  9  3  J
 0.277838032  9  9  0  J
 0.311294091  9  9  1  J
 0.311294273  9  9  2  J
 0.348895852  9  9  3  J
 0.348896014  9  9  0  J
 0.369513603  9  9  1  J
 0.369513785  9  9  2  J
 0.412558188  9  9  3  J
 0.412558370  9  9  0  J
 0.425229113  9  9  1  J
 0.425229335  9  9  2  J
 0.446064461  9  9  3  J
 0.446064734  9  9  0  J
 0.472138585  9  9  1  J
 0.472138757  9  9  2  J
 0.515164483  9  9  3  J
 0.515164644  9  9  0  J
 0.547029903  9  9  1  J
 0.547030105  9  9  2  J
 0.581716658  9  9  3  J
 0.581716910  9  9  0  J
 0.603978486  9  9  1  J
 0.603978738  9  9  2  J
 0.636996419  9  9  3  J
 0.636996621  9  9  0  J
 0.669987155  9  9  1  J
 0.669987337  9  9  2  J
 0.706371028  9  9  3  J
 0.706371210  9  9  0  J
 0.739899068  9  9  1  J
 0.739899340  9  9  2  J
 0.779465559  9  9  3  J
 0.779465771  9  9  0  J
 0.806976147  9  9  1  J
 0.806976379  9  9  2  J
 0.856888374  9  9  3  J
 0.856888596  9  9  0  J
 0.898297243  9  9  1  J
 0.898297404  9  9  2  J
 0.910467016  9  9  3  J
 0.910467299  9  9  0  J
 0.923830286  9  9  1  J
 0.923830508  9  9  2  J
 0.938095267  9  9  3  J
 0.938095479  9  9  0  J
 0.011314781  3  3  0  D
 0.053373424  3  3  1  D
 0.053373535  3  3  2  D
 0.068222781  3  3  3  D
 0.068223043  3  3  0  D
 0.090298352  3  3  1  D
 0.090298564  3  3  2  D
 0.140404822  3  3  3  D
 0.140404984  3  3  0  D
 0.168616883  3  3  1  D
 0.168617095  3  3  2  D
 0.189810045  3  3  3  D
 0.189810166  3  3  0  D
 0.201433920  3  3  1  D
 0.201434122  3  3  2  D
 0.251395516  3  3  3  D
 0.251395789  3  3  0  D
 0.287369079  3  3  1  D
 0.287369372  3  3  2  D
 0.311737220  3  3  3  D
 0.311737392  3  3  0  D
 0.324213951  3  3  1  D
 0.324214173  3  3  2  D
 0.366576669  3  3  3  D
 0.366576952  3  3  0  D
 0.407020604  3  3  1  D
 0.407020846  3  3  2  D
 0.423307871  3  3  3  D
 0.423308133  3  3  0  D
 0.460319390  3  3  1  D
 0.460319673  3  3  2  D
 0.472327946  3  3  3  D
 0.472328117  3  3  0  D
 0.503593890  3  3  1  D
 0.503594102  3  3  2  D
 0.513719115  3  3  3  D
 0.513719287  3  3  0  D
 0.551474719  3  3  1  D
 0.551474810  3  3  2  D
 0.573268086  3  3  3  D
 0.573268358  3  3  0  D
 0.621419484  3  3  1  D
 0.621419615  3  3  2  D
 0.639437675  3  3  3  D
 0.639437796  3  3  0  D
 0.657452081  3  3  1  D
 0.657452202  3  3  2  D
 0.681404231  3  3  3  D
 0.681404413  3  3  0  D
 0.720919940  3  3  1  D
 0.720920162  3  3  2  D
 0.751677334  3  3  3  D
 0.751677456  3  3  0  D
 0.799118275  3  3  1  D
 0.799118476  3  3  2  D
 0.844484386  3  3  3  D
 0.844484608  3  3  0  D
 0.866194568  3  3  1  D
 0.866194840  3  3  2  D
 0.911962527  3  3  3  D
 0.911962688  3  3  0  D
 0.943067461  3  3  1  D
 0.943067734  3  3  2  D
 0.964198443  3  3  3  D
 0.964198686  3  3  0  D
 0.988806907  3  3  1  D
 0.988807109  3  3  2  D
 1.033330992  3  3  3  D
 1.033331144  3  3  0  D
 0.011681521  13  13  0  N
 0.057700513  13  13  1  N
 0.057700695  13  13  2  N
 0.097576843  13  13  3  N
 0.097577025  13  13  0  N
 0.128271201  13  13  1  N
 0.128271383  13  13  2  N
 0.139757422  13  13  3  N
 0.139757583  13  13  0  N
 0.150972392  13  13  1  N
 0.150972634  13  13  2  N
 0.179167450  13  13  3  N
 0.179167672  13  13  0  N
 0.195272468  13  13  1  N
 0.195272619  13  13  2  N
 0.235636236  13  13  3  N
 0.235636448  13  13  0  N
 0.278125831  13  13  1  N
 0.278126003  13  13  2  N
 0.312664780  13  13  3  N
 0.312664982  13  13  0  N
 0.360515795  13  13  1  N
 0.360515956  13  13  2  N
 0.374605666  13  13  3  N
 0.374605898  13  13  0  N
 0.404332947  13  13  1  N
 0.404333109  13  13  2  N
 0.447425387  13  13  3  N
 0.447425558  13  13  0  N
 0.469813169  13  13  1  N
 0.469813422  13  13  2  N
 0.515975697  13  13  3  N
 0.515975869  13  13  0  N
 0.544209284  13  13  1  N
 0.544209526  13  13  2  N
 0.563282415  13  13  3  N
 0.563282697  13  13  0  N
 0.609845881  13  13  1  N
 0.609846052  13  13  2  N
 0.639363824  13  13  3  N
 0.639364026  13  13  0  N
 0.667110337  13  13  1  N
 0.667110589  13  13  2  N
 0.686495517  13  13  3  N
 0.686495719  13  13  0  N
 0.726134819  13  13  1  N
 0.726135051  13  13  2  N
 0.745174916  13  13  3  N
 0.745175088  13  13  0  N
 0.788069396  13  13  1  N
 0.788069577  13  13  2  N
 0.838093407  13  13  3  N
 0.838093589  13  13  0  N
 0.875796667  13  13  1  N
 0.875796889  13  13  2  N
 0.893080091  13  13  3  N
 0.893080343  13  13  0  N
 0.913594565  13  13  1  N
 0.913594747  13  13  2  N
 0.954061711  13  13  3  N
 0.954061923  13  13  0  N
 0.999459696  13  13  1  N
 0.999459949  13  13  2  N
 1.018344210  13  13  3  N
 1.018344402  13  13  0  N
 1.034865026  13  13  1  N
 1.034865248  13  13  2  N
 1.055641177  13  13  3  N
 1.055641439  13  13  0  N
 0.011558001  11  11  0  L
 0.061917517  11  11  1  L
 0.061917770  11  11  2  L
 0.103842048  11  11  3  L
 0.103842219  11  11  0  L
 0.125212069  11  11  1  L
 0.125212291  11  11  2  L
 0.145417649  11  11  3  L
 0.145417821  11  11  0  L
 0.158407809  11  11  1  L
 0.158408011  11  11  2  L
 0.168773196  11  11  3  L
 0.168773297  11  11  0  L
 0.204504704  11  11  1  L
 0.204504906  11  11  2  L
 0.239988488  11  11  3  L
 0.239988750  11  11  0  L
 0.272244860  11  11  1  L
 0.272245052  11  11  2  L
 0.298141139  11  11  3  L
 0.298141351  11  11  0  L
 0.333033607  11  11  1  L
 0.333033870  11  11  2  L
 0.353895911  11  11  3  L
 0.353896083  11  11  0  L
 0.382233626  11  11  1  L
 0.382233889  11  11  2  L
 0.395956329  11  11  3  L
 0.395956581  11  11  0  L
 0.412441682  11  11  1  L
 0.412441954  11  11  2  L
 0.430682699  11  11  3  L
 0.430682881  11  11  0  L
 0.474659670  11  11  1  L
 0.474659922  11  11  2  L
 0.518949946  11  11  3  L
 0.518950168  11  11  0  L
 0.541563444  11  11  1  L
 0.541563626  11  11  2  L
 0.583779985  11  11  3  L
 0.583780106  11  11  0  L
 0.598150340  11  11  1  L
 0.598150603  11  11  2  L
 0.617505358  11  11  3  L
 0.617505631  11  11  0  L
 0.633895558  11  11  1  L
 0.633895719  11  11  2  L
 0.669389640  11  11  3  L
 0.669389913  11  11  0  L
 0.686855910  11  11  1  L
 0.686856071  11  11  2  L
 0.733274368  11  11  3  L
 0.733274530  11  11  0  L
 0.773161182  11  11  1  L
 0.773161464  11  11  2  L
 0.815217063  11  11  3  L
 0.815217336  11  11  0  L
 0.836591415  11  11  1  L
 0.836591677  11  11  2  L
 0.866426732  11  11  3  L
 0.866426914  11  11  0  L
 0.916070339  11  11  1  L
 0.916070531  11  11  2  L
 0.950569144  11  11  3  L
 0.950569346  11  11  0  L
 0.972923408  11  11  1  L
 0.972923691  11  11  2  L
 1.000634189  11  11  3  L
 1.000634411  11  11  0  L
 1.019883833  11  11  1  L
 1.019884005  11  11  2  L
 1.065018250  11  11  3  L
 1.065018472  11  11  0  L
 0.011345931  4  4  0  E
 0.053509521  4  4  1  E
 0.053509794  4  4  2  E
 0.095565936  4  4  3  E
 0.095566188  4  4  0  E
 0.135381965  4  4  1  E
 0.135382167  4  4  2  E
 0.185147555  4  4  3  E
 0.185147757  4  4  0  E
 0.219943987  4  4  1  E
 0.219944159  4  4  2  E
 0.264209491  4  4  3  E
 0.264209682  4  4  0  E
 0.276709949  4  4  1  E
 0.276710110  4  4  2  E
 0.308498247  4  4  3  E
 0.308498480  4  4  0  E
 0.348686191  4  4  1  E
 0.348686372  4  4  2  E
 0.386048931  4  4  3  E
 0.386049133  4  4  0  E
 0.423032116  4  4  1  E
 0.423032369  4  4  2  E
 0.453661616  4  4  3  E
 0.453661808  4  4  0  E
 0.490853332  4  4  1  E
 0.490853605  4  4  2  E
 0.501738810  4  4  3  E
 0.501739022  4  4  0  E
 0.512338846  4  4  1  E
 0.512338957  4  4  2  E
 0.550776063  4  4  3  E
 0.550776285  4  4  0  E
 0.573266795  4  4  1  E
 0.573266997  4  4  2  E
 0.596221502  4  4  3  E
 0.596221724  4  4  0  E
 0.645129223  4  4  1  E
 0.645129456  4  4  2  E
 0.659268242  4  4  3  E
 0.659268504  4  4  0  E
 0.676799630  4  4  1  E
 0.676799892  4  4  2  E
 0.707458882  4  4  3  E
 0.707459064  4  4  0  E
 0.737718994  4  4  1  E
 0.737719206  4  4  2  E
 0.764382203  4  4  3  E
 0.764382456  4  4  0  E
 0.809105029  4  4  1  E
 0.809105261  4  4  2  E
 0.821868873  4  4  3  E
 0.821869075  4  4  0  E
 0.838560858  4  4  1  E
 0.838561070  4  4  2  E
 0.857163308  4  4  3  E
 0.857163480  4  4  0  E
 0.882100100  4  4  1  E
 0.882100362  4  4  2  E
 0.926119504  4  4  3  E
 0.926119776  4  4  0  E
 0.943364600  4  4  1  E
 0.943364812  4  4  2  E
 0.964988758  4  4  3  E
 0.964989031  4  4  0  E
 1.005587716  4  4  1  E
 1.005587898  4  4  2  E
 1.018302775  4  4  3  E
 1.018302896  4  4  0  E
 1.054050133  4  4  1  E
 1.054050405  4  4  2  E
 1.073395807  4  4  3  E
 1.073396070  4  4  0  E
 0.011255541  1  1  0  B
 0.034951583  1  1  1  B
 0.034951856  1  1  2  B
 0.045662883  1  1  3  B
 0.045663085  1  1  0  B
 0.076757656  1  1  1  B
 0.076757838  1  1  2  B
 0.112623069  1  1  3  B
 0.112623322  1  1  0  B
 0.141293532  1  1  1  B
 0.141293815  1  1  2  B
 0.172422243  1  1  3  B
 0.172422435  1  1  0  B
 0.190167503  1  1  1  B
 0.190167674  1  1  2  B
 0.228196849  1  1  3  B
 0.228196930  1  1  0  B
 0.244571673  1  1  1  B
 0.244571905  1  1  2  B
 0.268837093  1  1  3  B
 0.268837275  1  1  0  B
 0.308602861  1  1  1  B
 0.308602952  1  1  2  B
 0.357965614  1  1  3  B
 0.357965705  1  1  0  B
 0.368439704  1  1  1  B
 0.368439825  1  1  2  B
 0.398487883  1  1  3  B
 0.398488034  1  1  0  B
 0.446914313  1  1  1  B
 0.446914494  1  1  2  B
 0.483618024  1  1  3  B
 0.483618276  1  1  0  B
 0.504816612  1  1  1  B
 0.504816854  1  1  2  B
 0.542636415  1  1  3  B
 0.542636526  1  1  0  B
 0.584454997  1  1  1  B
 0.584455169  1  1  2  B
 0.627383962  1  1  3  B
 0.627384205  1  1  0  B
 0.643645257  1  1  1  B
 0.643645469  1  1  2  B
 0.687757392  1  1  3  B
 0.687757523  1  1  0  B
 0.705887597  1  1  1  B
 0.705887708  1  1  2  B
 0.740194423  1  1  3  B
 0.740194615  1  1  0  B
 0.788839954  1  1  1  B
 0.788840065  1  1  2  B
 0.803719102  1  1  3  B
 0.803719213  1  1  0  B
 0.828959717  1  1  1  B
 0.828959949  1  1  2  B
 0.843352707  1  1  3  B
 0.843352919  1  1  0  B
 0.879259034  1  1  1  B
 0.879259307  1  1  2  B
 0.898249031  1  1  3  B
 0.898249243  1  1  0  B
 0.934735030  1  1  1  B
 0.934735272  1  1  2  B
 0.967398951  1  1  3  B
 0.967399153  1  1  0  B
 0.985253205  1  1  1  B
 0.985253427  1  1  2  B
 1.017211577  1  1  3  B
 1.017211799  1  1  0  B
 1.040448033  1  1  1  B
 1.040448255  1  1  2  B
 1.071522081  1  1  3  B
 1.071522354  1  1  0  B
 1.091418059  1  1  1  B
 1.091418332  1  1  2  B
 1.125447204  1  1  3  B
 1.125447477  1  1  0  B
 0.011377858  5  5  0  F
 0.044899848  5  5  1  F
 0.044900121  5  5  2  F
 0.055057123  5  5  3  F
 0.055057325  5  5  0  F
 0.071266515  5  5  1  F
 0.071266777  5  5  2  F
 0.118222736  5  5  3  F
 0.118222958  5  5  0  F
 0.162673087  5  5  1  F
 0.162673350  5  5  2  F
 0.197507917  5  5  3  F
 0.197508119  5  5  0  F
 0.229431833  5  5  1  F
 0.229431964  5  5  2  F
 0.274816796  5  5  3  F
 0.274816968  5  5  0  F
 0.322877721  5  5  1  F
 0.322877883  5  5  2  F
 0.337443523  5  5  3  F
 0.337443785  5  5  0  F
 0.366877215  5  5  1  F
 0.366877498  5  5  2  F
 0.400836965  5  5  3  F
 0.400837177  5  5  0  F
 0.432239326  5  5  1  F
 0.432239527  5  5  2  F
 0.478073515  5  5  3  F
 0.478073768  5  5  0  F
 0.527859398  5  5  1  F
 0.527859590  5  5  2  F
 0.543425360  5  5  3  F
 0.543425582  5  5  0  F
 0.584366729  5  5  1  F
 0.584367002  5  5  2  F
 0.621219738  5  5  3  F
 0.621220001  5  5  0  F
 0.660225049  5  5  1  F
 0.660225231  5  5  2  F
 0.697159441  5  5  3  F
 0.697159683  5  5  0  F
 0.719011586  5  5  1  F
 0.719011809  5  5  2  F
 0.753758755  5  5  3  F
 0.753759027  5  5  0  F
 0.781891653  5  5  1  F
 0.781891855  5  5  2  F
 0.830388358  5  5  3  F
 0.830388550  5  5  0  F
 0.854693766  5  5  1  F
 0.854693897  5  5  2  F
 0.869788729  5  5  3  F
 0.869788861  5  5  0  F
 0.907291853  5  5  1  F
 0.907292116  5  5  2  F
 0.931687074  5  5  3  F
 0.931687286  5  5  0  F
 0.956572138  5  5  1  F
 0.956572431  5  5  2  F
 0.971273833  5  5  3  F
 0.971274085  5  5  0  F
 0.999532090  5  5  1  F
 0.999532252  5  5  2  F
 1.032402162  5  5  3  F
 1.032402404  5  5  0  F
 1.058564430  5  5  1  F
 1.058564682  5  5  2  F
 1.090246727  5  5  3  F
 1.090246868  5  5  0  F
 1.134661428  5  5  1  F
 1.134661550  5  5  2  F
 1.163523279  5  5  3  F
 1.163523491  5  5  0  F
 0.011527276  10  10  0  K
 0.044995428  10  10  1  K
 0.044995559  10  10  2  K
 0.073370104  10  10  3  K
 0.073370336  10  10  0  K
 0.120335240  10  10  1  K
 0.120335382  10  10  2  K
 0.145341083  10  10  3  K
 0.145341365  10  10  0  K
 0.175769217  10  10  1  K
 0.175769399  10  10  2  K
 0.223963087  10  10  3  K
 0.223963340  10  10  0  K
 0.237403994  10  10  1  K
 0.237404165  10  10  2  K
 0.253235743  10  10  3  K
 0.253235945  10  10  0  K
 0.296029656  10  10  1  K
 0.296029919  10  10  2  K
 0.337447216  10  10  3  K
 0.337447408  10  10  0  K
 0.375061162  10  10  1  K
 0.375061273  10  10  2  K
 0.385553162  10  10  3  K
 0.385553395  10  10  0  K
 0.402344431  10  10  1  K
 0.402344623  10  10  2  K
 0.447429184  10  10  3  K
 0.447429316  10  10  0  K
 0.459475517  10  10  1  K
 0.459475779  10  10  2  K
 0.484049514  10  10  3  K
 0.484049726  10  10  0  K
 0.531574635  10  10  1  K
 0.531574816  10  10  2  K
 0.549001682  10  10  3  K
 0.549001955  10  10  0  K
 0.589580064  10  10  1  K
 0.589580276  10  10  2  K
 0.633850390  10  10  3  K
 0.633850592  10  10  0  K
 0.670589689  10  10  1  K
 0.670589851  10  10  2  K
 0.705742319  10  10  3  K
 0.705742490  10  10  0  K
 0.739045604  10  10  1  K
 0.739045795  10  10  2  K
 0.773857668  10  10  3  K
 0.773857850  10  10  0  K
 0.810408792  10  10  1  K
 0.810408983  10  10  2  K
 0.851074243  10  10  3  K
 0.851074465  10  10  0  K
 0.868754358  10  10  1  K
 0.868754590  10  10  2  K
 0.887312769  10  10  3  K
 0.887313031  10  10  0  K
 0.900087328  10  10  1  K
 0.900087560  10  10  2  K
 0.917962088  10  10  3  K
 0.917962310  10  10  0  K
 0.940252550  10  10  1  K
 0.940252812  10  10  2  K
 0.988527744  10  10  3  K
 0.988528017  10  10  0  K
 1.027768488  10  10  1  K
 1.027768760  10  10  2  K
 1.077692933  10  10  3  K
 1.077693155  10  10  0  K
 1.091866720  10  10  1  K
 1.091866861  10  10  2  K
 1.122685169  10  10  3  K
 1.122685452  10  10  0  K
 1.150036344  10  10  1  K
 1.150036567  10  10  2  K
 1.170619790  10  10  3  K
 1.170619911  10  10  0  K
 0.011639470  12  12  0  M
 0.053122065  12  12  1  M
 0.053122186  12  12  2  M
 0.103184966  12  12  3  M
 0.103185107  12  12  0  M
 0.131697195  12  12  1  M
 0.131697427  12  12  2  M
 0.143301915  12  12  3  M
 0.143302127  12  12  0  M
 0.188289173  12  12  1  M
 0.188289415  12  12  2  M
 0.203346137  12  12  3  M
 0.203346299  12  12  0  M
 0.237209553  12  12  1  M
 0.237209765  12  12  2  M
 0.278565271  12  12  3  M
 0.278565422  12  12  0  M
 0.299802166  12  12  1  M
 0.299802368  12  12  2  M
 0.348696026  12  12  3  M
 0.348696298  12  12  0  M
 0.373982429  12  12  1  M
 0.373982641  12  12  2  M
 0.410507604  12  12  3  M
 0.410507806  12  12  0  M
 0.448403417  12  12  1  M
 0.448403528  12  12  2  M
 0.485520394  12  12  3  M
 0.485520575  12  12  0  M
 0.525393638  12  12  1  M
 0.525393911  12  12  2  M
 0.559812117  12  12  3  M
 0.559812359  12  12  0  M
 0.608186462  12  12  1  M
 0.608186674  12  12  2  M
 0.622894464  12  12  3  M
 0.622894646  12  12  0  M
 0.648054002  12  12  1  M
 0.648054143  12  12  2  M
 0.666833434  12  12  3  M
 0.666833646  12  12  0  M
 0.677655519  12  12  1  M
 0.677655700  12  12  2  M
 0.692707730  12  12  3  M
 0.692707932  12  12  0  M
 0.741328425  12  12  1  M
 0.741328577  12  12  2  M
 0.785583931  12  12  3  M
 0.785584183  12  12  0  M
 0.827772290  12  12  1  M
 0.827772543  12  12  2  M
 0.846418521  12  12  3  M
 0.846418743  12  12  0  M
 0.860653393  12  12  1  M
 0.860653605  12  12  2  M
 0.900603362  12  12  3  M
 0.900603554  12  12  0  M
 0.928281612  12  12  1  M
 0.928281814  12  12  2  M
 0.976002757  12  12  3  M
 0.976003019  12  12  0  M
 1.017693881  12  12  1  M
 1.017694123  12  12  2  M
 1.045331852  12  12  3  M
 1.045332044  12  12  0  M
 1.063467764  12  12  1  M
 1.063467977  12  12  2  M
 1.080356617  12  12  3  M
 1.080356829  12  12  0  M
 1.112611353  12  12  1  M
 1.112611595  12  12  2  M
 1.126668195  12  12  3  M
 1.126668408  12  12  0  M
 1.152473962  12  12  1  M
 1.152474154  12  12  2  M
 1.182211050  12  12  3  M
 1.182211252  12  12  0  M
 1.231003601  12  12  1  M
 1.231003864  12  12  2  M
 1.263299688  12  12  3  M
 1.263299960  12  12  0  M
 1.287058508  12  12  1  M
 1.287058761  12  12  2  M
 1.309541336  12  12  3  M
 1.309541588  12  12  0  M
 0.011408594  6  6  0  G
 0.059983902  6  6  1  G
 0.059984023  6  6  2  G
 0.082303925  6  6  3  G
 0.082304147  6  6  0  G
 0.097565611  6  6  1  G
 0.097565793  6  6  2  G
 0.134560885  6  6  3  G
 0.134561117  6  6  0  G
 0.183632337  6  6  1  G
 0.183632569  6  6  2  G
 0.194505822  6  6  3  G
 0.194505984  6  6  0  G
 0.225172825  6  6  1  G
 0.225173077  6  6  2  G
 0.261534353  6  6  3  G
 0.261534585  6  6  0  G
 0.274474925  6  6  1  G
 0.274475107  6  6  2  G
 0.316940752  6  6  3  G
 0.316941024  6  6  0  G
 0.347188244  6  6  1  G
 0.347188466  6  6  2  G
 0.386263893  6  6  3  G
 0.386264044  6  6  0  G
 0.403510031  6  6  1  G
 0.403510284  6  6  2  G
 0.426912380  6  6  3  G
 0.426912491  6  6  0  G
 0.476023665  6  6  1  G
 0.476023826  6  6  2  G
 0.520242149  6  6  3  G
 0.520242331  6  6  0  G
 0.541485201  6  6  1  G
 0.541485443  6  6  2  G
 0.586989518  6  6  3  G
 0.586989730  6  6  0  G
 0.629196043  6  6  1  G
 0.629196225  6  6  2  G
 0.651670004  6  6  3  G
 0.651670257  6  6  0  G
 0.698813711  6  6  1  G
 0.698813943  6  6  2  G
 0.743320847  6  6  3  G
 0.743320938  6  6  0  G
 0.786658001  6  6  1  G
 0.786658253  6  6  2  G
 0.816824950  6  6  3  G
 0.816825162  6  6  0  G
 0.830287025  6  6  1  G
 0.830287207  6  6  2  G
 0.842654259  6  6  3  G
 0.842654481  6  6  0  G
 0.880834834  6  6  1  G
 0.880835056  6  6  2  G
 0.919064701  6  6  3  G
 0.919064924  6  6  0  G
 0.952129314  6  6  1  G
 0.952129516  6  6  2  G
 0.965554245  6  6  3  G
 0.965554427  6  6  0  G
 0.976918188  6  6  1  G
 0.976918370  6  6  2  G
 1.014959073  6  6  3  G
 1.014959336  6  6  0  G
 1.057772328  6  6  1  G
 1.057772560  6  6  2  G
 1.105587544  6  6  3  G
 1.105587817  6  6  0  G
 1.148377953  6  6  1  G
 1.148378216  6  6  2  G
 1.171510654  6  6  3  G
 1.171510877  6  6  0  G
 1.200695208  6  6  1  G
 1.200695480  6  6  2  G
 1.247880536  6  6  3  G
 1.247880819  6  6  0  G
 1.281231680  6  6  1  G
 1.281232094  6  6  2  G
 1.316896907  6  6  3  G
 1.316897179  6  6  0  G
 1.339321262  6  6  1  G
 1.339321504  6  6  2  G
 1.375025611  6  6  3  G
 1.375025874  6  6  0  G
 1.423595649  6  6  1  G
 1.423595871  6  6  2  G
 1.457883965  6  6  3  G
 1.457884238  6  6  0  G
 1.471198094  6  6  1  G
 1.471198346  6  6  2  G
 1.504801469  6  6  3  G
 1.504801742  6  6  0  G
 1.515168670  6  6  1  G
 1.515168933  6  6  2  G
 1.541338800  6  6  3  G
 1.541339941  6  6  0  G
 0.011715135  14  14  0  O
 0.055500488  14  14  1  O
 0.055500589  14  14  2  O
 0.096350218  14  14  3  O
 0.096350440  14  14  0  O
 0.118178529  14  14  1  O
 0.118178751  14  14  2  O
 0.154552981  14  14  3  O
 0.154553173  14  14  0  O
 0.193357837  14  14  1  O
 0.193358069  14  14  2  O
 0.235659392  14  14  3  O
 0.235659655  14  14  0  O
 0.247872836  14  14  1  O
 0.247873038  14  14  2  O
 0.277502991  14  14  3  O
 0.277503162  14  14  0  O
 0.321338654  14  14  1  O
 0.321338855  14  14  2  O
 0.357461881  14  14  3  O
 0.357462083  14  14  0  O
 0.403870234  14  14  1  O
 0.403870386  14  14  2  O
 0.444242993  14  14  3  O
 0.444243225  14  14  0  O
 0.482079594  14  14  1  O
 0.482079755  14  14  2  O
 0.501550533  14  14  3  O
 0.501550785  14  14  0  O
 0.536000299  14  14  1  O
 0.536000471  14  14  2  O
 0.567768383  14  14  3  O
 0.567768666  14  14  0  O
 0.614693214  14  14  1  O
 0.614693487  14  14  2  O
 0.663265042  14  14  3  O
 0.663265123  14  14  0  O
 0.691076124  14  14  1  O
 0.691076386  14  14  2  O
 0.739709489  14  14  3  O
 0.739709630  14  14  0  O
 0.786124859  14  14  1  O
 0.786125071  14  14  2  O
 0.819428065  14  14  3  O
 0.819428297  14  14  0  O
 0.858485974  14  14  1  O
 0.858486176  14  14  2  O
 0.895556351  14  14  3  O
 0.895556593  14  14  0  O
 0.918364090  14  14  1  O
 0.918364181  14  14  2  O
 0.967517014  14  14  3  O
 0.967517226  14  14  0  O
 1.011095534  14  14  1  O
 1.011095766  14  14  2  O
 1.044658813  14  14  3  O
 1.044659075  14  14  0  O
 1.073159564  14  14  1  O
 1.073159836  14  14  2  O
 1.086946261  14  14  3  O
 1.086946473  14  14  0  O
 1.133070150  14  14  1  O
 1.133070403  14  14  2  O
 1.158784067  14  14  3  O
 1.158784330  14  14  0  O
 1.169721240  14  14  1  O
 1.169721472  14  14  2  O
 1.182951041  14  14  3  O
 1.182951243  14  14  0  O
 1.212205140  14  14  1  O
 1.212205423  14  14  2  O
 1.243973883  14  14  3  O
 1.243974166  14  14  0  O
 1.266645952  14  14  1  O
 1.266646164  14  14  2  O
 1.287861200  14  14  3  O
 1.287861362  14  14  0  O
 1.298380833  14  14  1  O
 1.298381055  14  14  2  O
 1.338376360  14  14  3  O
 1.338376632  14  14  0  O
 1.376811302  14  14  1  O
 1.376811494  14  14  2  O
 1.396339455  14  14  3  O
 1.396339718  14  14  0  O
 1.418972488  14  14  1  O
 1.418972751  14  14  2  O
 1.449435249  14  14  3  O
 1.449435522  14  14  0  O
 1.479572895  14  14  1  O
 1.479573168  14  14  2  O
 1.509278592  14  14  3  O
 1.509278864  14  14  0  O
 1.555928956  14  14  1  O
 1.555929249  14  14  2  O
 1.584776036  14  14  3  O
 1.584776298  14  14  0  O
-1  15  15  4 LOCAL_SECTION;ENTRY_PROTOCOL;CRITICAL_SECTION;EXIT_PROTOCOL;EXTRA_LABEL;
