0.000107 5 5 0 F
0.000107 5 5 0 F
0.001352 5 5 1 F
0.007550 5 5 3 F
0.007550 5 5 2 F
0.007551 5 5 4 F
0.007551 5 5 5 F
0.009966 5 5 6 F
0.012348 5 5 0 F
0.012348 5 5 0 F
0.013544 5 5 1 F
0.019459 5 5 3 F
0.019459 5 5 2 F
0.019459 5 5 4 F
0.019459 5 5 5 F
0.021842 5 5 6 F
0.024235 5 5 0 F
0.024235 5 5 0 F
0.025328 5 5 1 F
0.031248 5 5 3 F
0.031248 5 5 2 F
0.031248 5 5 4 F
0.031249 5 5 5 F
0.033626 5 5 6 F
0.035959 5 5 0 F
0.035959 5 5 0 F
0.037141 5 5 1 F
0.043074 5 5 3 F
0.043074 5 5 2 F
0.043074 5 5 4 F
0.043074 5 5 5 F
0.045347 5 5 6 F
0.047717 5 5 0 F
0.000085 10 10 0 K
0.000085 10 10 0 K
0.001359 10 10 1 K
0.014731 10 10 3 K
0.014731 10 10 2 K
0.014731 10 10 4 K
0.014731 10 10 5 K
0.017068 10 10 6 K
0.019458 10 10 0 K
0.019458 10 10 0 K
0.020650 10 10 1 K
0.026508 10 10 3 K
0.026508 10 10 2 K
0.026508 10 10 4 K
0.026508 10 10 5 K
0.028879 10 10 6 K
0.031248 10 10 0 K
0.031248 10 10 0 K
0.032435 10 10 1 K
0.038327 10 10 3 K
0.038327 10 10 2 K
0.038327 10 10 4 K
0.038327 10 10 5 K
0.040700 10 10 6 K
0.043073 10 10 0 K
0.043073 10 10 0 K
0.044259 10 10 1 K
0.047740 10 10 3 K
0.047740 10 10 2 K
0.047741 10 10 4 K
0.047741 10 10 5 K
0.050173 10 10 6 K
0.052616 10 10 0 K
0.000231 3 3 0 D
0.000231 3 3 0 D
0.001295 3 3 1 D
0.001295 3 3 3 D
0.001295 3 3 4 D
0.001295 3 3 5 D
0.003816 3 3 6 D
0.006297 3 3 0 D
0.006297 3 3 0 D
0.007568 3 3 1 D
0.054998 3 3 3 D
0.054998 3 3 2 D
0.054998 3 3 4 D
0.054998 3 3 5 D
0.057366 3 3 6 D
0.059743 3 3 0 D
0.059743 3 3 0 D
0.060931 3 3 1 D
0.071632 3 3 3 D
0.071632 3 3 2 D
0.071632 3 3 4 D
0.071632 3 3 5 D
0.074009 3 3 6 D
0.076386 3 3 0 D
0.076386 3 3 0 D
0.077580 3 3 1 D
0.088266 3 3 3 D
0.088266 3 3 2 D
0.088266 3 3 4 D
0.088266 3 3 5 D
0.090643 3 3 6 D
0.093051 3 3 0 D
0.093051 3 3 0 D
0.094242 3 3 1 D
0.104947 3 3 3 D
0.104947 3 3 2 D
0.104947 3 3 4 D
0.104947 3 3 5 D
0.107321 3 3 6 D
0.109699 3 3 0 D
0.000114 13 13 0 N
0.000114 13 13 0 N
0.001357 13 13 1 N
0.059744 13 13 3 N
0.059744 13 13 2 N
0.059744 13 13 4 N
0.059744 13 13 5 N
0.062118 13 13 6 N
0.064497 13 13 0 N
0.064497 13 13 0 N
0.065687 13 13 1 N
0.076387 13 13 3 N
0.076387 13 13 2 N
0.076387 13 13 4 N
0.076387 13 13 5 N
0.078764 13 13 6 N
0.081138 13 13 0 N
0.081138 13 13 0 N
0.082326 13 13 1 N
0.093052 13 13 3 N
0.093052 13 13 2 N
0.093052 13 13 4 N
0.093052 13 13 5 N
0.095429 13 13 6 N
0.097826 13 13 0 N
0.097827 13 13 0 N
0.099014 13 13 1 N
0.109723 13 13 3 N
0.109723 13 13 2 N
0.109724 13 13 4 N
0.109724 13 13 5 N
0.112216 13 13 6 N
0.114621 13 13 0 N
0.000067 2 2 0 C
0.000067 2 2 0 C
0.001361 2 2 1 C
0.017068 2 2 3 C
0.017068 2 2 2 C
0.017068 2 2 4 C
0.017069 2 2 5 C
0.019458 2 2 6 C
0.021841 2 2 0 C
0.021841 2 2 0 C
0.023038 2 2 1 C
0.028879 2 2 3 C
0.028880 2 2 2 C
0.028880 2 2 4 C
0.028880 2 2 5 C
0.031248 2 2 6 C
0.033626 2 2 0 C
0.033626 2 2 0 C
0.034808 2 2 1 C
0.040701 2 2 3 C
0.040701 2 2 2 C
0.040701 2 2 4 C
0.040701 2 2 5 C
0.043073 2 2 6 C
0.045346 2 2 0 C
0.045346 2 2 0 C
0.046533 2 2 1 C
0.066878 2 2 3 C
0.066878 2 2 2 C
0.066879 2 2 4 C
0.066879 2 2 5 C
0.069256 2 2 6 C
0.071632 2 2 0 C
0.071632 2 2 0 C
0.072821 2 2 1 C
0.083513 2 2 3 C
0.083513 2 2 2 C
0.083513 2 2 4 C
0.083513 2 2 5 C
0.085890 2 2 6 C
0.088265 2 2 0 C
0.088265 2 2 0 C
0.089454 2 2 1 C
0.100202 2 2 3 C
0.100202 2 2 2 C
0.100202 2 2 4 C
0.100202 2 2 5 C
0.102574 2 2 6 C
0.104946 2 2 0 C
0.104947 2 2 0 C
0.106134 2 2 1 C
0.115813 2 2 3 C
0.115813 2 2 2 C
0.115813 2 2 4 C
0.115813 2 2 5 C
0.118259 2 2 6 C
0.120689 2 2 0 C
0.000045 0 0 0 A
0.000045 0 0 0 A
0.001359 0 0 1 A
0.062119 0 0 3 A
0.062119 0 0 2 A
0.062119 0 0 4 A
0.062119 0 0 5 A
0.064497 0 0 6 A
0.066877 0 0 0 A
0.066878 0 0 0 A
0.068068 0 0 1 A
0.078764 0 0 3 A
0.078764 0 0 2 A
0.078764 0 0 4 A
0.078764 0 0 5 A
0.081138 0 0 6 A
0.083512 0 0 0 A
0.083512 0 0 0 A
0.084703 0 0 1 A
0.095430 0 0 3 A
0.095430 0 0 2 A
0.095430 0 0 4 A
0.095430 0 0 5 A
0.097827 0 0 6 A
0.100201 0 0 0 A
0.100201 0 0 0 A
0.101389 0 0 1 A
0.138547 0 0 3 A
0.138547 0 0 2 A
0.138547 0 0 4 A
0.138547 0 0 5 A
0.140922 0 0 6 A
0.143330 0 0 0 A
0.000024 14 14 0 O
0.000025 14 14 0 O
0.001357 14 14 1 O
0.050195 14 14 3 O
0.050195 14 14 2 O
0.050196 14 14 4 O
0.050196 14 14 5 O
0.052596 14 14 6 O
0.055016 14 14 0 O
0.055016 14 14 0 O
0.056196 14 14 1 O
0.131419 14 14 3 O
0.131419 14 14 2 O
0.131419 14 14 4 O
0.131419 14 14 5 O
0.133794 14 14 6 O
0.136170 14 14 0 O
0.136170 14 14 0 O
0.137358 14 14 1 O
0.146977 14 14 3 O
0.146977 14 14 2 O
0.146977 14 14 4 O
0.146977 14 14 5 O
0.149414 14 14 6 O
0.151790 14 14 0 O
0.151790 14 14 0 O
0.152977 14 14 1 O
0.156539 14 14 3 O
0.156539 14 14 2 O
0.156539 14 14 4 O
0.156539 14 14 5 O
0.158920 14 14 6 O
0.161295 14 14 0 O
0.000118 4 4 0 E
0.000118 4 4 0 E
0.001353 4 4 1 E
0.057366 4 4 3 E
0.057366 4 4 2 E
0.057366 4 4 4 E
0.057367 4 4 5 E
0.059743 4 4 6 E
0.062118 4 4 0 E
0.062118 4 4 0 E
0.063308 4 4 1 E
0.074009 4 4 3 E
0.074009 4 4 2 E
0.074009 4 4 4 E
0.074009 4 4 5 E
0.076387 4 4 6 E
0.078763 4 4 0 E
0.078763 4 4 0 E
0.079952 4 4 1 E
0.090643 4 4 3 E
0.090643 4 4 2 E
0.090643 4 4 4 E
0.090643 4 4 5 E
0.093051 4 4 6 E
0.095429 4 4 0 E
0.095429 4 4 0 E
0.096628 4 4 1 E
0.107321 4 4 3 E
0.107321 4 4 2 E
0.107321 4 4 4 E
0.107322 4 4 5 E
0.109723 4 4 6 E
0.112216 4 4 0 E
0.112217 4 4 0 E
0.113374 4 4 1 E
0.124284 4 4 3 E
0.124284 4 4 2 E
0.124284 4 4 4 E
0.124284 4 4 5 E
0.126715 4 4 6 E
0.129042 4 4 0 E
0.129042 4 4 0 E
0.130230 4 4 1 E
0.140922 4 4 3 E
0.140922 4 4 2 E
0.140923 4 4 4 E
0.140923 4 4 5 E
0.143348 4 4 6 E
0.145836 4 4 0 E
0.145836 4 4 0 E
0.146994 4 4 1 E
0.167384 4 4 3 E
0.167384 4 4 2 E
0.167384 4 4 4 E
0.167384 4 4 5 E
0.169753 4 4 6 E
0.172123 4 4 0 E
0.172124 4 4 0 E
0.173308 4 4 1 E
0.179256 4 4 3 E
0.179256 4 4 2 E
0.179256 4 4 4 E
0.179256 4 4 5 E
0.181625 4 4 6 E
0.184000 4 4 0 E
0.000088 8 8 0 I
0.000089 8 8 0 I
0.001347 8 8 1 I
0.003816 8 8 3 I
0.003817 8 8 2 I
0.003817 8 8 4 I
0.003817 8 8 5 I
0.006294 8 8 6 I
0.008773 8 8 0 I
0.008773 8 8 0 I
0.009986 8 8 1 I
0.113356 8 8 3 I
0.113356 8 8 2 I
0.113356 8 8 4 I
0.113356 8 8 5 I
0.115813 8 8 6 I
0.118258 8 8 0 I
0.118258 8 8 0 I
0.119443 8 8 1 I
0.129043 8 8 3 I
0.129043 8 8 2 I
0.129043 8 8 4 I
0.129043 8 8 5 I
0.131419 8 8 6 I
0.133794 8 8 0 I
0.133794 8 8 0 I
0.134982 8 8 1 I
0.190121 8 8 3 I
0.190121 8 8 2 I
0.190121 8 8 4 I
0.190122 8 8 5 I
0.192492 8 8 6 I
0.194865 8 8 0 I
0.194865 8 8 0 I
0.196051 8 8 1 I
0.197236 8 8 3 I
0.197236 8 8 2 I
0.197236 8 8 4 I
0.197236 8 8 5 I
0.199605 8 8 6 I
0.201974 8 8 0 I
0.000104 12 12 0 M
0.000104 12 12 0 M
0.001361 12 12 1 M
0.151791 12 12 3 M
0.151791 12 12 2 M
0.151791 12 12 4 M
0.151791 12 12 5 M
0.154164 12 12 6 M
0.156538 12 12 0 M
0.156539 12 12 0 M
0.157729 12 12 1 M
0.174505 12 12 3 M
0.174505 12 12 2 M
0.174505 12 12 4 M
0.174505 12 12 5 M
0.176883 12 12 6 M
0.179255 12 12 0 M
0.179255 12 12 0 M
0.180440 12 12 1 M
0.184024 12 12 3 M
0.184024 12 12 2 M
0.184024 12 12 4 M
0.184024 12 12 5 M
0.186517 12 12 6 M
0.188956 12 12 0 M
0.188956 12 12 0 M
0.190143 12 12 1 M
0.205613 12 12 3 M
0.205613 12 12 2 M
0.205614 12 12 4 M
0.205614 12 12 5 M
0.208084 12 12 6 M
0.210482 12 12 0 M
0.000095 11 11 0 L
0.000095 11 11 0 L
0.001359 11 11 1 L
0.052615 11 11 3 L
0.052615 11 11 2 L
0.052615 11 11 4 L
0.052616 11 11 5 L
0.054997 11 11 6 L
0.057366 11 11 0 L
0.057366 11 11 0 L
0.058555 11 11 1 L
0.069257 11 11 3 L
0.069257 11 11 2 L
0.069257 11 11 4 L
0.069257 11 11 5 L
0.071632 11 11 6 L
0.074008 11 11 0 L
0.074008 11 11 0 L
0.075204 11 11 1 L
0.085890 11 11 3 L
0.085890 11 11 2 L
0.085890 11 11 4 L
0.085890 11 11 5 L
0.088266 11 11 6 L
0.090642 11 11 0 L
0.090642 11 11 0 L
0.091849 11 11 1 L
0.102575 11 11 3 L
0.102575 11 11 2 L
0.102575 11 11 4 L
0.102575 11 11 5 L
0.104947 11 11 6 L
0.107320 11 11 0 L
0.107321 11 11 0 L
0.108508 11 11 1 L
0.133795 11 11 3 L
0.133795 11 11 2 L
0.133795 11 11 4 L
0.133795 11 11 5 L
0.136171 11 11 6 L
0.138546 11 11 0 L
0.138546 11 11 0 L
0.139734 11 11 1 L
0.164944 11 11 3 L
0.164944 11 11 2 L
0.164944 11 11 4 L
0.164944 11 11 5 L
0.167383 11 11 6 L
0.169753 11 11 0 L
0.169753 11 11 0 L
0.170939 11 11 1 L
0.176884 11 11 3 L
0.176884 11 11 2 L
0.176884 11 11 4 L
0.176884 11 11 5 L
0.179256 11 11 6 L
0.181625 11 11 0 L
0.181625 11 11 0 L
0.182813 11 11 1 L
0.208084 11 11 3 L
0.208084 11 11 2 L
0.208084 11 11 4 L
0.208084 11 11 5 L
0.210508 11 11 6 L
0.212991 11 11 0 L
0.000100 6 6 0 G
0.000100 6 6 0 G
0.001342 6 6 1 G
0.064497 6 6 3 G
0.064497 6 6 2 G
0.064497 6 6 4 G
0.064497 6 6 5 G
0.066878 6 6 6 G
0.069256 6 6 0 G
0.069256 6 6 0 G
0.070446 6 6 1 G
0.081139 6 6 3 G
0.081139 6 6 2 G
0.081139 6 6 4 G
0.081139 6 6 5 G
0.083513 6 6 6 G
0.085890 6 6 0 G
0.085890 6 6 0 G
0.087079 6 6 1 G
0.097827 6 6 3 G
0.097827 6 6 2 G
0.097828 6 6 4 G
0.097828 6 6 5 G
0.100202 6 6 6 G
0.102574 6 6 0 G
0.102574 6 6 0 G
0.103761 6 6 1 G
0.118259 6 6 3 G
0.118259 6 6 2 G
0.118259 6 6 4 G
0.118259 6 6 5 G
0.120711 6 6 6 G
0.123139 6 6 0 G
0.123139 6 6 0 G
0.124301 6 6 1 G
0.149415 6 6 3 G
0.149415 6 6 2 G
0.149415 6 6 4 G
0.149415 6 6 5 G
0.151790 6 6 6 G
0.154164 6 6 0 G
0.154164 6 6 0 G
0.155352 6 6 1 G
0.158920 6 6 3 G
0.158920 6 6 2 G
0.158920 6 6 4 G
0.158920 6 6 5 G
0.161317 6 6 6 G
0.163807 6 6 0 G
0.163807 6 6 0 G
0.164962 6 6 1 G
0.192492 6 6 3 G
0.192492 6 6 2 G
0.192492 6 6 4 G
0.192493 6 6 5 G
0.194866 6 6 6 G
0.197236 6 6 0 G
0.197236 6 6 0 G
0.198420 6 6 1 G
0.199605 6 6 3 G
0.199605 6 6 2 G
0.199605 6 6 4 G
0.199605 6 6 5 G
0.201996 6 6 6 G
0.204475 6 6 0 G
0.204475 6 6 0 G
0.205633 6 6 1 G
0.216619 6 6 3 G
0.216619 6 6 2 G
0.216619 6 6 4 G
0.216620 6 6 5 G
0.218989 6 6 6 G
0.221452 6 6 0 G
0.221453 6 6 0 G
0.222637 6 6 1 G
0.222637 6 6 3 G
0.222637 6 6 2 G
0.222637 6 6 4 G
0.222637 6 6 5 G
0.225010 6 6 6 G
0.227496 6 6 0 G
0.000111 7 7 0 H
0.000111 7 7 0 H
0.001315 7 7 1 H
0.012349 7 7 3 H
0.012349 7 7 2 H
0.012349 7 7 4 H
0.012349 7 7 5 H
0.014731 7 7 6 H
0.017068 7 7 0 H
0.017068 7 7 0 H
0.018263 7 7 1 H
0.024236 7 7 3 H
0.024236 7 7 2 H
0.024236 7 7 4 H
0.024236 7 7 5 H
0.026508 7 7 6 H
0.028879 7 7 0 H
0.028879 7 7 0 H
0.030065 7 7 1 H
0.035960 7 7 3 H
0.035960 7 7 2 H
0.035960 7 7 4 H
0.035960 7 7 5 H
0.038327 7 7 6 H
0.040700 7 7 0 H
0.040700 7 7 0 H
0.041887 7 7 1 H
0.120711 7 7 3 H
0.120711 7 7 2 H
0.120711 7 7 4 H
0.120712 7 7 5 H
0.123139 7 7 6 H
0.125558 7 7 0 H
0.125558 7 7 0 H
0.126734 7 7 1 H
0.161318 7 7 3 H
0.161318 7 7 2 H
0.161318 7 7 4 H
0.161318 7 7 5 H
0.163806 7 7 6 H
0.166209 7 7 0 H
0.166209 7 7 0 H
0.167405 7 7 1 H
0.187657 7 7 3 H
0.187657 7 7 2 H
0.187657 7 7 4 H
0.187657 7 7 5 H
0.190121 7 7 6 H
0.192491 7 7 0 H
0.192492 7 7 0 H
0.193679 7 7 1 H
0.194866 7 7 3 H
0.194866 7 7 2 H
0.194866 7 7 4 H
0.194866 7 7 5 H
0.197236 7 7 6 H
0.199604 7 7 0 H
0.199605 7 7 0 H
0.200789 7 7 1 H
0.201997 7 7 3 H
0.201997 7 7 2 H
0.201997 7 7 4 H
0.201997 7 7 5 H
0.204474 7 7 6 H
0.206917 7 7 0 H
0.206917 7 7 0 H
0.208108 7 7 1 H
0.229780 7 7 3 H
0.229780 7 7 2 H
0.229780 7 7 4 H
0.229780 7 7 5 H
0.232258 7 7 6 H
0.234559 7 7 0 H
0.000076 9 9 0 J
0.000076 9 9 0 J
0.001358 9 9 1 J
0.009966 9 9 3 J
0.009966 9 9 2 J
0.009966 9 9 4 J
0.009967 9 9 5 J
0.012349 9 9 6 J
0.014731 9 9 0 J
0.014731 9 9 0 J
0.015882 9 9 1 J
0.021842 9 9 3 J
0.021842 9 9 2 J
0.021842 9 9 4 J
0.021842 9 9 5 J
0.024236 9 9 6 J
0.026507 9 9 0 J
0.026507 9 9 0 J
0.027693 9 9 1 J
0.033626 9 9 3 J
0.033627 9 9 2 J
0.033627 9 9 4 J
0.033627 9 9 5 J
0.035960 9 9 6 J
0.038326 9 9 0 J
0.038326 9 9 0 J
0.039511 9 9 1 J
0.045347 9 9 3 J
0.045347 9 9 2 J
0.045347 9 9 4 J
0.045347 9 9 5 J
0.047740 9 9 6 J
0.050174 9 9 0 J
0.050174 9 9 0 J
0.051377 9 9 1 J
0.136171 9 9 3 J
0.136171 9 9 2 J
0.136171 9 9 4 J
0.136171 9 9 5 J
0.138547 9 9 6 J
0.140922 9 9 0 J
0.140922 9 9 0 J
0.142130 9 9 1 J
0.154164 9 9 3 J
0.154164 9 9 2 J
0.154165 9 9 4 J
0.154165 9 9 5 J
0.156539 9 9 6 J
0.158919 9 9 0 J
0.158919 9 9 0 J
0.160108 9 9 1 J
0.169753 9 9 3 J
0.169753 9 9 2 J
0.169753 9 9 4 J
0.169754 9 9 5 J
0.172124 9 9 6 J
0.174504 9 9 0 J
0.174504 9 9 0 J
0.175690 9 9 1 J
0.181625 9 9 3 J
0.181625 9 9 2 J
0.181625 9 9 4 J
0.181626 9 9 5 J
0.184023 9 9 6 J
0.186518 9 9 0 J
0.186518 9 9 0 J
0.187675 9 9 1 J
0.211704 9 9 3 J
0.211705 9 9 2 J
0.211705 9 9 4 J
0.211705 9 9 5 J
0.214199 9 9 6 J
0.216600 9 9 0 J
0.216600 9 9 0 J
0.217784 9 9 1 J
0.232258 9 9 3 J
0.232258 9 9 2 J
0.232259 9 9 4 J
0.232259 9 9 5 J
0.234558 9 9 6 J
0.236937 9 9 0 J
0.000056 1 1 0 B
0.000056 1 1 0 B
0.001360 1 1 1 B
0.126716 1 1 3 B
0.126716 1 1 2 B
0.126716 1 1 4 B
0.126716 1 1 5 B
0.129042 1 1 6 B
0.131418 1 1 0 B
0.131418 1 1 0 B
0.132607 1 1 1 B
0.143349 1 1 3 B
0.143349 1 1 2 B
0.143349 1 1 4 B
0.143349 1 1 5 B
0.145835 1 1 6 B
0.148238 1 1 0 B
0.148238 1 1 0 B
0.149436 1 1 1 B
0.172124 1 1 3 B
0.172124 1 1 2 B
0.172124 1 1 4 B
0.172124 1 1 5 B
0.174505 1 1 6 B
0.176883 1 1 0 B
0.176883 1 1 0 B
0.178069 1 1 1 B
0.214200 1 1 3 B
0.214200 1 1 2 B
0.214200 1 1 4 B
0.214200 1 1 5 B
0.216600 1 1 6 B
0.218968 1 1 0 B
0.218968 1 1 0 B
0.220150 1 1 1 B
0.220150 1 1 3 B
0.220151 1 1 2 B
0.220151 1 1 4 B
0.220151 1 1 5 B
0.222616 1 1 6 B
0.224991 1 1 0 B
0.224992 1 1 0 B
0.226176 1 1 1 B
0.226176 1 1 3 B
0.226176 1 1 2 B
0.226176 1 1 4 B
0.226176 1 1 5 B
0.228618 1 1 6 B
0.231066 1 1 0 B
0.231066 1 1 0 B
0.232257 1 1 1 B
0.234577 1 1 3 B
0.234578 1 1 4 B
0.234578 1 1 5 B
0.236953 1 1 6 B
0.239307 1 1 0 B
0.239308 1 1 0 B
0.240497 1 1 1 B
0.240497 1 1 3 B
0.240498 1 1 4 B
0.240498 1 1 5 B
0.242851 1 1 6 B
0.245128 1 1 0 B
0.245128 1 1 0 B
0.246312 1 1 1 B
0.246312 1 1 3 B
0.246312 1 1 4 B
0.246312 1 1 5 B
0.248666 1 1 6 B
0.251017 1 1 0 B
-1 15 15 7 LocalSection;Entry_Protocol1;Entry_Protocol2;Entry_Protocol3;Entry_Protocol4;Critical_Section;Exit_Protocol;EXTRA_LABEL;
