 0.012387269  12  12  0 M
 0.012576115  12  12  0 M
 0.029441610  12  12  1 M
 0.140719375  12  12  3 M
 0.140719592  12  12  2 M
 0.140719646  12  12  4 M
 0.140719853  12  12  5 M
 0.154931549  12  12  6 M
 0.154931820  12  12  0 M
 0.154931864  12  12  0 M
 0.180607606  12  12  1 M
 0.331232549  12  12  3 M
 0.331232799  12  12  2 M
 0.331232864  12  12  4 M
 0.331233016  12  12  5 M
 0.352895644  12  12  6 M
 0.352895893  12  12  0 M
 0.352895937  12  12  0 M
 0.369570352  12  12  1 M
 0.557303625  12  12  3 M
 0.557303788  12  12  2 M
 0.557303842  12  12  4 M
 0.557303994  12  12  5 M
 0.576215898  12  12  6 M
 0.576216082  12  12  0 M
 0.576216136  12  12  0 M
 0.618562727  12  12  1 M
 0.645140676  12  12  3 M
 0.645140947  12  12  2 M
 0.645141023  12  12  4 M
 0.645141229  12  12  5 M
 0.677117690  12  12  6 M
 0.677117874  12  12  0 M
 0.677117929  12  12  0 M
 0.717908350  12  12  1 M
 0.720287369  12  12  3 M
 0.720287651  12  12  2 M
 0.720287727  12  12  4 M
 0.720287901  12  12  5 M
 0.756510799  12  12  6 M
 0.756510984  12  12  0 M
 0.756511038  12  12  0 M
 0.796503321  12  12  1 M
 0.890990350  12  12  3 M
 0.890990523  12  12  2 M
 0.890990556  12  12  4 M
 0.890990697  12  12  5 M
 0.932672358  12  12  6 M
 0.932672531  12  12  0 M
 0.932672564  12  12  0 M
 0.968030715  12  12  1 M
 1.813741783  12  12  3 M
 1.813742087  12  12  2 M
 1.813742141  12  12  4 M
 1.813742282  12  12  5 M
 1.827637998  12  12  6 M
 1.827638226  12  12  0 M
 0.012449807  14  14  0 O
 0.012597543  14  14  0 O
 0.055948863  14  14  1 O
 0.154963368  14  14  3 O
 0.154963563  14  14  2 O
 0.154963596  14  14  4 O
 0.154963769  14  14  5 O
 0.166575931  14  14  6 O
 0.166576105  14  14  0 O
 0.166576148  14  14  0 O
 0.192603565  14  14  1 O
 0.833921572  14  14  3 O
 0.833921713  14  14  2 O
 0.833921756  14  14  4 O
 0.833921941  14  14  5 O
 0.869040250  14  14  6 O
 0.869040511  14  14  0 O
 0.869040565  14  14  0 O
 0.887698745  14  14  1 O
 1.026037132  14  14  3 O
 1.026037295  14  14  2 O
 1.026037338  14  14  4 O
 1.026037469  14  14  5 O
 1.055719528  14  14  6 O
 1.055719745  14  14  0 O
 1.055719799  14  14  0 O
 1.073182775  14  14  1 O
 1.361846540  14  14  3 O
 1.361846703  14  14  2 O
 1.361846768  14  14  4 O
 1.361846952  14  14  5 O
 1.389451228  14  14  6 O
 1.389451531  14  14  0 O
 1.389451575  14  14  0 O
 1.432372155  14  14  1 O
 1.535329730  14  14  3 O
 1.535329980  14  14  2 O
 1.535330056  14  14  4 O
 1.535330219  14  14  5 O
 1.568013739  14  14  6 O
 1.568013924  14  14  0 O
 1.568013978  14  14  0 O
 1.613385065  14  14  1 O
 2.116218056  14  14  3 O
 2.116218284  14  14  2 O
 2.116218338  14  14  4 O
 2.116218512  14  14  5 O
 2.142607143  14  14  6 O
 2.142607381  14  14  0 O
 2.142607425  14  14  0 O
 2.172143667  14  14  1 O
 2.469443445  14  14  3 O
 2.469443706  14  14  2 O
 2.469443760  14  14  4 O
 2.469443890  14  14  5 O
 2.487847413  14  14  6 O
 2.487847652  14  14  0 O
 2.487847706  14  14  0 O
 2.508200612  14  14  1 O
 2.829109195  14  14  3 O
 2.829109434  14  14  2 O
 2.829109477  14  14  4 O
 2.829109586  14  14  5 O
 2.840978576  14  14  6 O
 2.840978804  14  14  0 O
 0.012323233  10  10  0 K
 0.012562988  10  10  0 K
 0.062511135  10  10  1 K
 0.068022468  10  10  3 K
 0.068022696  10  10  2 K
 0.068022761  10  10  4 K
 0.068022978  10  10  5 K
 0.091192742  10  10  6 K
 0.091193176  10  10  0 K
 0.091193317  10  10  0 K
 0.107261005  10  10  1 K
 0.798676351  10  10  3 K
 0.798676546  10  10  2 K
 0.798676600  10  10  4 K
 0.798676774  10  10  5 K
 0.833731470  10  10  6 K
 0.833731655  10  10  0 K
 0.833731709  10  10  0 K
 0.866400720  10  10  1 K
 1.568164000  10  10  3 K
 1.568164120  10  10  2 K
 1.568164163  10  10  4 K
 1.568164391  10  10  5 K
 1.581396044  10  10  6 K
 1.581396337  10  10  0 K
 1.581396381  10  10  0 K
 1.611812737  10  10  1 K
 1.625681049  10  10  3 K
 1.625681266  10  10  2 K
 1.625681320  10  10  4 K
 1.625681483  10  10  5 K
 1.642511425  10  10  6 K
 1.642511664  10  10  0 K
 1.642511729  10  10  0 K
 1.662126595  10  10  1 K
 1.705788452  10  10  3 K
 1.705788604  10  10  2 K
 1.705788648  10  10  4 K
 1.705788799  10  10  5 K
 1.729630463  10  10  6 K
 1.729630735  10  10  0 K
 1.729630800  10  10  0 K
 1.763717675  10  10  1 K
 1.922135428  10  10  3 K
 1.922135667  10  10  2 K
 1.922135711  10  10  4 K
 1.922135917  10  10  5 K
 1.937425545  10  10  6 K
 1.937425773  10  10  0 K
 1.937425816  10  10  0 K
 1.964820455  10  10  1 K
 2.012167693  10  10  3 K
 2.012167932  10  10  2 K
 2.012167997  10  10  4 K
 2.012168181  10  10  5 K
 2.065647641  10  10  6 K
 2.065647924  10  10  0 K
 2.065647989  10  10  0 K
 2.083022660  10  10  1 K
 2.306015822  10  10  3 K
 2.306016094  10  10  2 K
 2.306016159  10  10  4 K
 2.306016387  10  10  5 K
 2.326767783  10  10  6 K
 2.326768065  10  10  0 K
 2.326768097  10  10  0 K
 2.341843574  10  10  1 K
 2.527350097  10  10  3 K
 2.527350303  10  10  2 K
 2.527350347  10  10  4 K
 2.527350564  10  10  5 K
 2.542214461  10  10  6 K
 2.542214656  10  10  0 K
 2.542214700  10  10  0 K
 2.567888857  10  10  1 K
 3.406226779  10  10  3 K
 3.406227028  10  10  2 K
 3.406227094  10  10  4 K
 3.406227321  10  10  5 K
 3.417670982  10  10  6 K
 3.417671275  10  10  0 K
 0.012006192  1  1  0 B
 0.012490619  1  1  0 B
 0.046935237  1  1  1 B
 0.390277010  1  1  3 B
 0.390277194  1  1  2 B
 0.390277238  1  1  4 B
 0.390277455  1  1  5 B
 0.414431830  1  1  6 B
 0.414432113  1  1  0 B
 0.414432178  1  1  0 B
 0.460838041  1  1  1 B
 0.576228023  1  1  3 B
 0.576228230  1  1  2 B
 0.576228284  1  1  4 B
 0.576228479  1  1  5 B
 0.621211517  1  1  6 B
 0.621211713  1  1  0 B
 0.621211767  1  1  0 B
 0.647983392  1  1  1 B
 1.285564513  1  1  3 B
 1.285564719  1  1  2 B
 1.285564762  1  1  4 B
 1.285564969  1  1  5 B
 1.314356459  1  1  6 B
 1.314356709  1  1  0 B
 1.314356785  1  1  0 B
 1.345411645  1  1  1 B
 2.327384699  1  1  3 B
 2.327384872  1  1  2 B
 2.327384970  1  1  4 B
 2.327385176  1  1  5 B
 2.354060941  1  1  6 B
 2.354061244  1  1  0 B
 2.354061310  1  1  0 B
 2.391675437  1  1  1 B
 3.098253661  1  1  3 B
 3.098253954  1  1  2 B
 3.098254019  1  1  4 B
 3.098254236  1  1  5 B
 3.143389423  1  1  6 B
 3.143389683  1  1  0 B
 3.143389814  1  1  0 B
 3.185379985  1  1  1 B
 3.243172757  1  1  3 B
 3.243172963  1  1  2 B
 3.243173028  1  1  4 B
 3.243173223  1  1  5 B
 3.265863878  1  1  6 B
 3.265864160  1  1  0 B
 3.265864193  1  1  0 B
 3.297667284  1  1  1 B
 3.338672359  1  1  3 B
 3.338672543  1  1  2 B
 3.338672597  1  1  4 B
 3.338672749  1  1  5 B
 3.381786308  1  1  6 B
 3.381786493  1  1  0 B
 3.381786547  1  1  0 B
 3.403943022  1  1  1 B
 3.491382152  1  1  3 B
 3.491382337  1  1  2 B
 3.491382380  1  1  4 B
 3.491382532  1  1  5 B
 3.525051254  1  1  6 B
 3.525051449  1  1  0 B
 0.012355435  11  11  0 L
 0.012570301  11  11  0 L
 0.055948635  11  11  1 L
 0.352906001  11  11  3 L
 0.352906207  11  11  2 L
 0.352906250  11  11  4 L
 0.352906380  11  11  5 L
 0.390080222  11  11  6 L
 0.390080460  11  11  0 L
 0.390080526  11  11  0 L
 0.410898226  11  11  1 L
 0.525472649  11  11  3 L
 0.525472877  11  11  2 L
 0.525472953  11  11  4 L
 0.525473148  11  11  5 L
 0.557257582  11  11  6 L
 0.557257886  11  11  0 L
 0.557257951  11  11  0 L
 0.607051371  11  11  1 L
 1.246253835  11  11  3 L
 1.246254084  11  11  2 L
 1.246254149  11  11  4 L
 1.246254356  11  11  5 L
 1.285226846  11  11  6 L
 1.285227020  11  11  0 L
 1.285227074  11  11  0 L
 1.322554365  11  11  1 L
 1.642841942  11  11  3 L
 1.642842105  11  11  2 L
 1.642842159  11  11  4 L
 1.642842322  11  11  5 L
 1.661941102  11  11  6 L
 1.661941308  11  11  0 L
 1.661941352  11  11  0 L
 1.692419658  11  11  1 L
 1.795956780  11  11  3 L
 1.795956954  11  11  2 L
 1.795956986  11  11  4 L
 1.795957138  11  11  5 L
 1.813545008  11  11  6 L
 1.813545258  11  11  0 L
 1.813545312  11  11  0 L
 1.837019352  11  11  1 L
 1.864545550  11  11  3 L
 1.864545778  11  11  2 L
 1.864545832  11  11  4 L
 1.864545984  11  11  5 L
 1.888118619  11  11  6 L
 1.888118814  11  11  0 L
 1.888118868  11  11  0 L
 1.930097263  11  11  1 L
 2.934912701  11  11  3 L
 2.934912961  11  11  2 L
 2.934913037  11  11  4 L
 2.934913363  11  11  5 L
 2.988173756  11  11  6 L
 2.988173995  11  11  0 L
 2.988174049  11  11  0 L
 3.000666792  11  11  1 L
 3.050366383  11  11  3 L
 3.050366709  11  11  2 L
 3.050366774  11  11  4 L
 3.050366991  11  11  5 L
 3.098242262  11  11  6 L
 3.098242512  11  11  0 L
 3.098242599  11  11  0 L
 3.140131062  11  11  1 L
 3.680996873  11  11  3 L
 3.680997144  11  11  2 L
 3.680997199  11  11  4 L
 3.680997372  11  11  5 L
 3.713273244  11  11  6 L
 3.713273483  11  11  0 L
 0.012418353  13  13  0 N
 0.012589666  13  13  0 N
 0.051455112  13  13  1 N
 0.166587687  13  13  3 N
 0.166587883  13  13  2 N
 0.166587926  13  13  4 N
 0.166588111  13  13  5 N
 0.195340798  13  13  6 N
 0.195341037  13  13  0 N
 0.195341070  13  13  0 N
 0.231924768  13  13  1 N
 0.286322150  13  13  3 N
 0.286322367  13  13  2 N
 0.286322422  13  13  4 N
 0.286322541  13  13  5 N
 0.331211394  13  13  6 N
 0.331211720  13  13  0 N
 0.331211796  13  13  0 N
 0.356960465  13  13  1 N
 1.432026637  13  13  3 N
 1.432026865  13  13  2 N
 1.432026919  13  13  4 N
 1.432027104  13  13  5 N
 1.478329958  13  13  6 N
 1.478330240  13  13  0 N
 1.478330283  13  13  0 N
 1.495026065  13  13  1 N
 1.501599354  13  13  3 N
 1.501599495  13  13  2 N
 1.501599549  13  13  4 N
 1.501599723  13  13  5 N
 1.535319945  13  13  6 N
 1.535320118  13  13  0 N
 1.535320162  13  13  0 N
 1.554651976  13  13  1 N
 2.142636188  13  13  3 N
 2.142636481  13  13  2 N
 2.142636525  13  13  4 N
 2.142636698  13  13  5 N
 2.185989316  13  13  6 N
 2.185989533  13  13  0 N
 2.185989588  13  13  0 N
 2.221750340  13  13  1 N
 2.228369119  13  13  3 N
 2.228369325  13  13  2 N
 2.228369379  13  13  4 N
 2.228369520  13  13  5 N
 2.267882921  13  13  6 N
 2.267883236  13  13  0 N
 2.267883388  13  13  0 N
 2.313637422  13  13  1 N
 2.988178411  13  13  3 N
 2.988178704  13  13  2 N
 2.988178758  13  13  4 N
 2.988178888  13  13  5 N
 3.011664763  13  13  6 N
 3.011665001  13  13  0 N
 3.011665045  13  13  0 N
 3.047508675  13  13  1 N
 3.185998263  13  13  3 N
 3.185998481  13  13  2 N
 3.185998567  13  13  4 N
 3.185998795  13  13  5 N
 3.212057611  13  13  6 N
 3.212057839  13  13  0 N
 3.212057959  13  13  0 N
 3.261086604  13  13  1 N
 3.452259937  13  13  3 N
 3.452260121  13  13  2 N
 3.452260219  13  13  4 N
 3.452260414  13  13  5 N
 3.491380059  13  13  6 N
 3.491380331  13  13  0 N
 3.491380363  13  13  0 N
 3.509728675  13  13  1 N
 3.768604168  13  13  3 N
 3.768604375  13  13  2 N
 3.768604429  13  13  4 N
 3.768604581  13  13  5 N
 3.817720187  13  13  6 N
 3.817720480  13  13  0 N
 0.012054705  2  2  0 C
 0.012497297  2  2  0 C
 0.028189911  2  2  1 C
 0.028190378  2  2  3 C
 0.028190573  2  2  4 C
 0.028190769  2  2  5 C
 0.068014985  2  2  6 C
 0.068015257  2  2  0 C
 0.068015311  2  2  0 C
 0.091229670  2  2  1 C
 0.756657930  2  2  3 C
 0.756658125  2  2  2 C
 0.756658169  2  2  4 C
 0.756658342  2  2  5 C
 0.785395850  2  2  6 C
 0.785396088  2  2  0 C
 0.785396132  2  2  0 C
 0.822521673  2  2  1 C
 1.314359381  2  2  3 C
 1.314359587  2  2  2 C
 1.314359652  2  2  4 C
 1.314359902  2  2  5 C
 1.361834234  2  2  6 C
 1.361834516  2  2  0 C
 1.361834625  2  2  0 C
 1.393864165  2  2  1 C
 1.661985280  2  2  3 C
 1.661985486  2  2  2 C
 1.661985540  2  2  4 C
 1.661985790  2  2  5 C
 1.705774199  2  2  6 C
 1.705774416  2  2  0 C
 1.705774459  2  2  0 C
 1.738257897  2  2  1 C
 2.186356983  2  2  3 C
 2.186357178  2  2  2 C
 2.186357243  2  2  4 C
 2.186357384  2  2  5 C
 2.228348250  2  2  6 C
 2.228348456  2  2  0 C
 2.228348521  2  2  0 C
 2.258251744  2  2  1 C
 2.419149181  2  2  3 C
 2.419149355  2  2  2 C
 2.419149442  2  2  4 C
 2.419149670  2  2  5 C
 2.433267386  2  2  6 C
 2.433267560  2  2  0 C
 2.433267614  2  2  0 C
 2.481391519  2  2  1 C
 2.660548903  2  2  3 C
 2.660549065  2  2  2 C
 2.660549163  2  2  4 C
 2.660549304  2  2  5 C
 2.697111758  2  2  6 C
 2.697112084  2  2  0 C
 2.697112149  2  2  0 C
 2.725806965  2  2  1 C
 3.143505669  2  2  3 C
 3.143505962  2  2  2 C
 3.143506038  2  2  4 C
 3.143506288  2  2  5 C
 3.185914007  2  2  6 C
 3.185914268  2  2  0 C
 3.185914333  2  2  0 C
 3.203770976  2  2  1 C
 3.266213488  2  2  3 C
 3.266213705  2  2  2 C
 3.266213748  2  2  4 C
 3.266213944  2  2  5 C
 3.298418561  2  2  6 C
 3.298418810  2  2  0 C
 3.298418865  2  2  0 C
 3.345465977  2  2  1 C
 3.417767965  2  2  3 C
 3.417768203  2  2  2 C
 3.417768247  2  2  4 C
 3.417768399  2  2  5 C
 3.435440195  2  2  6 C
 3.435440488  2  2  0 C
 3.435440553  2  2  0 C
 3.475809583  2  2  1 C
 3.874878924  2  2  3 C
 3.874879151  2  2  2 C
 3.874879238  2  2  4 C
 3.874879499  2  2  5 C
 3.911984834  2  2  6 C
 3.911985051  2  2  0 C
 0.012292332  9  9  0 J
 0.012551857  9  9  0 J
 0.033554790  9  9  1 J
 0.091194344  9  9  3 J
 0.091194615  9  9  2 J
 0.091194691  9  9  4 J
 0.091194952  9  9  5 J
 0.140629705  9  9  6 J
 0.140629933  9  9  0 J
 0.140630009  9  9  0 J
 0.162884981  9  9  1 J
 1.191605207  9  9  3 J
 1.191605304  9  9  2 J
 1.191605359  9  9  4 J
 1.191605543  9  9  5 J
 1.201724039  9  9  6 J
 1.201724223  9  9  0 J
 1.201724256  9  9  0 J
 1.216403643  9  9  1 J
 1.389461580  9  9  3 J
 1.389461765  9  9  2 J
 1.389461808  9  9  4 J
 1.389461982  9  9  5 J
 1.412697085  9  9  6 J
 1.412697323  9  9  0 J
 1.412697378  9  9  0 J
 1.440152469  9  9  1 J
 1.755194864  9  9  3 J
 1.755195048  9  9  2 J
 1.755195092  9  9  4 J
 1.755195255  9  9  5 J
 1.795826385  9  9  6 J
 1.795826613  9  9  0 J
 1.795826668  9  9  0 J
 1.840173125  9  9  1 J
 2.433801676  9  9  3 J
 2.433801925  9  9  2 J
 2.433802251  9  9  4 J
 2.433802457  9  9  5 J
 2.450431728  9  9  6 J
 2.450432010  9  9  0 J
 2.450432054  9  9  0 J
 2.498301236  9  9  1 J
 2.800223874  9  9  3 J
 2.800223983  9  9  2 J
 2.800224091  9  9  4 J
 2.800224222  9  9  5 J
 2.829031755  9  9  6 J
 2.829031983  9  9  0 J
 2.829032026  9  9  0 J
 2.870424102  9  9  1 J
 3.024468927  9  9  3 J
 3.024469144  9  9  2 J
 3.024469209  9  9  4 J
 3.024469372  9  9  5 J
 3.050330230  9  9  6 J
 3.050330392  9  9  0 J
 3.050330458  9  9  0 J
 3.085443231  9  9  1 J
 3.912006467  9  9  3 J
 3.912007248  9  9  2 J
 3.912007302  9  9  4 J
 3.912007520  9  9  5 J
 3.927211589  9  9  6 J
 3.927211882  9  9  0 J
 0.012131798  4  4  0 E
 0.012510076  4  4  0 E
 0.062467347  4  4  1 E
 0.224395468  4  4  3 E
 0.224395837  4  4  2 E
 0.224395935  4  4  4 E
 0.235997831  4  4  5 E
 0.263045536  4  4  6 E
 0.263045775  4  4  0 E
 0.263045807  4  4  0 E
 0.302108590  4  4  1 E
 0.621317550  4  4  3 E
 0.621317843  4  4  2 E
 0.621317898  4  4  4 E
 0.621318115  4  4  5 E
 0.645139464  4  4  6 E
 0.645139790  4  4  0 E
 0.645139866  4  4  0 E
 0.686189455  4  4  1 E
 1.888146185  4  4  3 E
 1.888146500  4  4  2 E
 1.888146576  4  4  4 E
 1.888146847  4  4  5 E
 1.922050280  4  4  6 E
 1.922050453  4  4  0 E
 1.922050497  4  4  0 E
 1.962267282  4  4  1 E
 1.978576755  4  4  3 E
 1.978576940  4  4  2 E
 1.978576994  4  4  4 E
 1.978577135  4  4  5 E
 2.012059274  4  4  6 E
 2.012059491  4  4  0 E
 2.012059556  4  4  0 E
 2.029762407  4  4  1 E
 2.450459633  4  4  3 E
 2.450459970  4  4  2 E
 2.450460046  4  4  4 E
 2.450460295  4  4  5 E
 2.469133256  4  4  6 E
 2.469133451  4  4  0 E
 2.469133473  4  4  0 E
 2.483110678  4  4  1 E
 2.566494163  4  4  3 E
 2.566494391  4  4  2 E
 2.566494445  4  4  4 E
 2.566494608  4  4  5 E
 2.615367518  4  4  6 E
 2.615367691  4  4  0 E
 2.615367745  4  4  0 E
 2.649050607  4  4  1 E
 2.697112518  4  4  3 E
 2.697112713  4  4  2 E
 2.697112778  4  4  4 E
 2.697112941  4  4  5 E
 2.720757014  4  4  6 E
 2.720757263  4  4  0 E
 2.720757317  4  4  0 E
 2.733952112  4  4  1 E
 2.771771090  4  4  3 E
 2.771771307  4  4  2 E
 2.771771351  4  4  4 E
 2.771771535  4  4  5 E
 2.800029487  4  4  6 E
 2.800029715  4  4  0 E
 2.800029769  4  4  0 E
 2.811460265  4  4  1 E
 3.316677471  4  4  3 E
 3.316677688  4  4  2 E
 3.316677742  4  4  4 E
 3.316677970  4  4  5 E
 3.338554588  4  4  6 E
 3.338554860  4  4  0 E
 3.338554979  4  4  0 E
 3.377917603  4  4  1 E
 3.601436171  4  4  3 E
 3.601436420  4  4  2 E
 3.601436474  4  4  4 E
 3.601436681  4  4  5 E
 3.617995447  4  4  6 E
 3.617995707  4  4  0 E
 3.617995762  4  4  0 E
 3.660509966  4  4  1 E
 3.737793318  4  4  3 E
 3.737793524  4  4  2 E
 3.737793589  4  4  4 E
 3.737793774  4  4  5 E
 3.768294027  4  4  6 E
 3.768294254  4  4  0 E
 3.768294309  4  4  0 E
 3.781018776  4  4  1 E
 4.120132547  4  4  3 E
 4.120132764  4  4  2 E
 4.120132829  4  4  4 E
 4.120133035  4  4  5 E
 4.151665571  4  4  6 E
 4.151665853  4  4  0 E
 0.012096925  3  3  0 D
 0.012718574  3  3  0 D
 0.056417017  3  3  1 D
 0.263153542  3  3  3 D
 0.263153780  3  3  2 D
 0.263153846  3  3  4 D
 0.263154106  3  3  5 D
 0.286316686  3  3  6 D
 0.286316914  3  3  0 D
 0.286316947  3  3  0 D
 0.333632286  3  3  1 D
 0.869348569  3  3  3 D
 0.869348775  3  3  2 D
 0.869348830  3  3  4 D
 0.869348971  3  3  5 D
 0.890930001  3  3  6 D
 0.890930294  3  3  0 D
 0.890930338  3  3  0 D
 0.922053467  3  3  1 D
 1.729707250  3  3  3 D
 1.729707456  3  3  2 D
 1.729707510  3  3  4 D
 1.729707716  3  3  5 D
 1.755166473  3  3  6 D
 1.755166712  3  3  0 D
 1.755166777  3  3  0 D
 1.783070816  3  3  1 D
 2.066057220  3  3  3 D
 2.066057480  3  3  2 D
 2.066057545  3  3  4 D
 2.066057751  3  3  5 D
 2.079197160  3  3  6 D
 2.079197442  3  3  0 D
 2.079197518  3  3  0 D
 2.107717117  3  3  1 D
 2.354131597  3  3  3 D
 2.354131803  3  3  2 D
 2.354131901  3  3  4 D
 2.354132129  3  3  5 D
 2.377843680  3  3  6 D
 2.377843962  3  3  0 D
 2.377844038  3  3  0 D
 2.402497178  3  3  1 D
 2.488071376  3  3  3 D
 2.488071572  3  3  2 D
 2.488071615  3  3  4 D
 2.488071789  3  3  5 D
 2.526942366  3  3  6 D
 2.526942594  3  3  0 D
 2.526942649  3  3  0 D
 2.569801279  3  3  1 D
 2.615391539  3  3  3 D
 2.615391756  3  3  2 D
 2.615391799  3  3  4 D
 2.615391962  3  3  5 D
 2.660506046  3  3  6 D
 2.660506230  3  3  0 D
 2.660506274  3  3  0 D
 2.675360435  3  3  1 D
 3.525104920  3  3  3 D
 3.525105246  3  3  2 D
 3.525105322  3  3  4 D
 3.525105517  3  3  5 D
 3.539077165  3  3  6 D
 3.539077393  3  3  0 D
 3.539077447  3  3  0 D
 3.577472216  3  3  1 D
 4.151804154  3  3  3 D
 4.151804306  3  3  2 D
 4.151804414  3  3  4 D
 4.151804588  3  3  5 D
 4.167658090  3  3  6 D
 4.167658416  3  3  0 D
 0.012196496  6  6  0 G
 0.012526352  6  6  0 G
 0.034795525  6  6  1 G
 0.677199851  6  6  3 G
 0.677200036  6  6  2 G
 0.677200079  6  6  4 G
 0.677200285  6  6  5 G
 0.720274284  6  6  6 G
 0.720274577  6  6  0 G
 0.720274707  6  6  0 G
 0.767195482  6  6  1 G
 0.945009393  6  6  3 G
 0.945009599  6  6  2 G
 0.945009654  6  6  4 G
 0.945009860  6  6  5 G
 0.987564392  6  6  6 G
 0.987564685  6  6  0 G
 0.987564750  6  6  0 G
 1.000573031  6  6  1 G
 1.157930386  6  6  3 G
 1.157930570  6  6  2 G
 1.157930613  6  6  4 G
 1.157930776  6  6  5 G
 1.191535353  6  6  6 G
 1.191535581  6  6  0 G
 1.191535635  6  6  0 G
 1.224693250  6  6  1 G
 1.827789319  6  6  3 G
 1.827789481  6  6  2 G
 1.827789536  6  6  4 G
 1.827789698  6  6  5 G
 1.864542086  6  6  6 G
 1.864542357  6  6  0 G
 1.864542412  6  6  0 G
 1.901385578  6  6  1 G
 2.079200961  6  6  3 G
 2.079201211  6  6  2 G
 2.079201276  6  6  4 G
 2.079201471  6  6  5 G
 2.115922131  6  6  6 G
 2.115922338  6  6  0 G
 2.115922392  6  6  0 G
 2.147317969  6  6  1 G
 2.378246539  6  6  3 G
 2.378246800  6  6  2 G
 2.378246876  6  6  4 G
 2.378247147  6  6  5 G
 2.419114855  6  6  6 G
 2.419115105  6  6  0 G
 2.419115224  6  6  0 G
 2.437547847  6  6  1 G
 2.720761774  6  6  3 G
 2.720762089  6  6  2 G
 2.720762175  6  6  4 G
 2.720762414  6  6  5 G
 2.771737164  6  6  6 G
 2.771737446  6  6  0 G
 2.771737512  6  6  0 G
 2.786784975  6  6  1 G
 2.841042031  6  6  3 G
 2.841042237  6  6  2 G
 2.841042291  6  6  4 G
 2.841042508  6  6  5 G
 2.892457935  6  6  6 G
 2.892458184  6  6  0 G
 2.892458228  6  6  0 G
 2.929188007  6  6  1 G
 3.212192816  6  6  3 G
 3.212193174  6  6  2 G
 3.212193229  6  6  4 G
 3.212193456  6  6  5 G
 3.243115100  6  6  6 G
 3.243115339  6  6  0 G
 3.243115393  6  6  0 G
 3.273543600  6  6  1 G
 3.618036705  6  6  3 G
 3.618036933  6  6  2 G
 3.618036987  6  6  4 G
 3.618037215  6  6  5 G
 3.651404501  6  6  6 G
 3.651404740  6  6  0 G
 3.651404805  6  6  0 G
 3.686175843  6  6  1 G
 3.817722273  6  6  3 G
 3.817722577  6  6  2 G
 3.817722642  6  6  4 G
 3.817722881  6  6  5 G
 3.861493512  6  6  6 G
 3.861493805  6  6  0 G
 3.861493859  6  6  0 G
 3.888661735  6  6  1 G
 4.184675994  6  6  3 G
 4.184676298  6  6  2 G
 4.184676352  6  6  4 G
 4.184676548  6  6  5 G
 4.212196371  6  6  6 G
 4.212196675  6  6  0 G
 0.012261031  8  8  0 I
 0.012544268  8  8  0 I
 0.038271725  8  8  1 I
 0.458180025  8  8  3 I
 0.458180242  8  8  2 I
 0.458180296  8  8  4 I
 0.458180524  8  8  5 I
 0.507649292  8  8  6 I
 0.507649531  8  8  0 I
 0.507649650  8  8  0 I
 0.543399419  8  8  1 I
 1.103705323  8  8  3 I
 1.103705518  8  8  2 I
 1.103705562  8  8  4 I
 1.103705768  8  8  5 I
 1.157834346  8  8  6 I
 1.157834585  8  8  0 I
 1.157834704  8  8  0 I
 1.168987197  8  8  1 I
 2.267887786  8  8  3 I
 2.267888003  8  8  2 I
 2.267888068  8  8  4 I
 2.267888285  8  8  5 I
 2.305648318  8  8  6 I
 2.305648546  8  8  0 I
 2.305648601  8  8  0 I
 2.340304623  8  8  1 I
 3.382177279  8  8  3 I
 3.382177463  8  8  2 I
 3.382177506  8  8  4 I
 3.382177680  8  8  5 I
 3.405633792  8  8  6 I
 3.405634020  8  8  0 I
 3.405634053  8  8  0 I
 3.459531364  8  8  1 I
 3.539249604  8  8  3 I
 3.539249799  8  8  2 I
 3.539249853  8  8  4 I
 3.539250038  8  8  5 I
 3.581857190  8  8  6 I
 3.581857472  8  8  0 I
 3.581857526  8  8  0 I
 3.628363817  8  8  1 I
 3.651533994  8  8  3 I
 3.651534201  8  8  2 I
 3.651534255  8  8  4 I
 3.651534439  8  8  5 I
 3.680814503  8  8  6 I
 3.680814796  8  8  0 I
 3.680814861  8  8  0 I
 3.703099745  8  8  1 I
 3.861497226  8  8  3 I
 3.861497530  8  8  2 I
 3.861497606  8  8  4 I
 3.861497812  8  8  5 I
 3.874790243  8  8  6 I
 3.874790514  8  8  0 I
 3.874790558  8  8  0 I
 3.902891611  8  8  1 I
 4.055529165  8  8  3 I
 4.055529415  8  8  2 I
 4.055529458  8  8  4 I
 4.055529664  8  8  5 I
 4.090071161  8  8  6 I
 4.090071454  8  8  0 I
 4.090071509  8  8  0 I
 4.127013443  8  8  1 I
 4.212545803  8  8  3 I
 4.212546107  8  8  2 I
 4.212546151  8  8  4 I
 4.212546335  8  8  5 I
 4.235826042  8  8  6 I
 4.235826346  8  8  0 I
 4.235826400  8  8  0 I
 4.264295139  8  8  1 I
 4.360320723  8  8  3 I
 4.360320864  8  8  2 I
 4.360321429  8  8  4 I
 4.360321624  8  8  5 I
 4.399498402  8  8  6 I
 4.399498630  8  8  0 I
 0.012228742  7  7  0 H
 0.012540224  7  7  0 H
 0.055948357  7  7  1 H
 0.987569320  7  7  3 H
 0.987569591  7  7  2 H
 0.987569667  7  7  4 H
 0.987569863  7  7  5 H
 1.025922723  7  7  6 H
 1.025922940  7  7  0 H
 1.025923006  7  7  0 H
 1.050898640  7  7  1 H
 1.201936922  7  7  3 H
 1.201937150  7  7  2 H
 1.201937226  7  7  4 H
 1.201937432  7  7  5 H
 1.246245323  7  7  6 H
 1.246245584  7  7  0 H
 1.246245638  7  7  0 H
 1.266429936  7  7  1 H
 1.478554739  7  7  3 H
 1.478554956  7  7  2 H
 1.478555011  7  7  4 H
 1.478555163  7  7  5 H
Error: Trace_Array full for process  0
Error: Trace_Array full for process  0
 1.501517764  7  7  6 H
 1.501518003  7  7  0 H
 1.501518068  7  7  0 H
 1.530788928  7  7  1 H
 3.298572666  7  7  3 H
 3.298572948  7  7  2 H
 3.298573013  7  7  4 H
 3.298573241  7  7  5 H
 3.316526255  7  7  6 H
 3.316526493  7  7  0 H
 3.316526537  7  7  0 H
 3.367265399  7  7  1 H
 3.435468931  7  7  3 H
 3.435469159  7  7  2 H
 3.435469202  7  7  4 H
 3.435469354  7  7  5 H
 3.452056806  7  7  6 H
 3.452057078  7  7  0 H
 3.452057132  7  7  0 H
 3.504617925  7  7  1 H
 3.582058927  7  7  3 H
 3.582059079  7  7  2 H
 3.582059123  7  7  4 H
 3.582059275  7  7  5 H
 3.601341252  7  7  6 H
 3.601341490  7  7  0 H
 3.601341534  7  7  0 H
 3.639500412  7  7  1 H
 3.713476460  7  7  3 H
 3.713476677  7  7  2 H
 3.713476753  7  7  4 H
 3.713476927  7  7  5 H
 3.737784869  7  7  6 H
 3.737785108  7  7  0 H
 3.737785152  7  7  0 H
 3.778201883  7  7  1 H
 3.927429631  7  7  3 H
 3.927429946  7  7  2 H
 3.927430022  7  7  4 H
 3.927430218  7  7  5 H
 3.947683663  7  7  6 H
 3.947683956  7  7  0 H
 3.947684010  7  7  0 H
 3.971049105  7  7  1 H
 4.090217806  7  7  3 H
 4.090218023  7  7  2 H
 4.090218099  7  7  4 H
 4.090218316  7  7  5 H
 4.120118541  7  7  6 H
 4.120118845  7  7  0 H
 4.120118921  7  7  0 H
 4.171080736  7  7  1 H
 4.282144981  7  7  3 H
 4.282145253  7  7  2 H
 4.282145329  7  7  4 H
 4.282145502  7  7  5 H
 4.314497360  7  7  6 H
 4.314497675  7  7  0 H
 4.314497740  7  7  0 H
 4.326333064  7  7  1 H
 4.413077740  7  7  3 H
 4.413078012  7  7  2 H
 4.413078088  7  7  4 H
 4.413078316  7  7  5 H
 4.455602210  7  7  6 H
 4.455602633  7  7  0 H
Error: Trace_Array full for process  0
Error: Trace_Array full for process  0
 0.011962126  0  0  0 A
 0.012480381  0  0  0 A
 0.050897142  0  0  1 A
 0.224395462  0  0  3 A
 0.224395635  0  0  2 A
 0.224395690  0  0  4 A
 0.225558854  0  0  5 A
 0.235756800  0  0  6 A
 0.235757028  0  0  0 A
 0.235757060  0  0  0 A
 0.267965478  0  0  1 A
 0.414565481  0  0  3 A
 0.414565687  0  0  2 A
 0.414565752  0  0  4 A
 0.414565926  0  0  5 A
 0.458173645  0  0  6 A
 0.458173852  0  0  0 A
 0.458173906  0  0  0 A
 0.496188496  0  0  1 A
 0.785584682  0  0  3 A
 0.785585138  0  0  2 A
 0.785585192  0  0  4 A
 0.785585344  0  0  5 A
 0.798573107  0  0  6 A
 0.798573303  0  0  0 A
 0.798573357  0  0  0 A
 0.814070971  0  0  1 A
 0.932744751  0  0  3 A
 0.932744892  0  0  2 A
 0.932744924  0  0  4 A
 0.932745065  0  0  5 A
 0.944995188  0  0  6 A
 0.944995405  0  0  0 A
 0.944995438  0  0  0 A
 0.971604733  0  0  1 A
 1.055728785  0  0  3 A
 1.055728980  0  0  2 A
 1.055729034  0  0  4 A
 1.055729164  0  0  5 A
 1.103629844  0  0  6 A
 1.103630093  0  0  0 A
 1.103630137  0  0  0 A
 1.147498743  0  0  1 A
 1.412698744  0  0  3 A
 1.412698982  0  0  2 A
 1.412699026  0  0  4 A
 1.412699243  0  0  5 A
 1.432025643  0  0  6 A
 1.432025882  0  0  0 A
 1.432025926  0  0  0 A
 1.452015838  0  0  1 A
 1.960537160  0  0  3 A
 1.960537443  0  0  2 A
 1.960537486  0  0  4 A
 1.960537714  0  0  5 A
 1.978426833  0  0  6 A
 1.978427104  0  0  0 A
 1.978427169  0  0  0 A
 2.011152968  0  0  1 A
 2.542245370  0  0  3 A
 2.542245598  0  0  2 A
 2.542245653  0  0  4 A
 2.542245891  0  0  5 A
 2.566205556  0  0  6 A
 2.566205773  0  0  0 A
 2.566205817  0  0  0 A
 2.592718485  0  0  1 A
 3.011713721  0  0  3 A
 3.011713938  0  0  2 A
 3.011713982  0  0  4 A
 3.011714199  0  0  5 A
 3.024281712  0  0  6 A
 3.024281973  0  0  0 A
 3.024282027  0  0  0 A
 3.070571915  0  0  1 A
 3.947766111  0  0  3 A
 3.947766426  0  0  2 A
 3.947766491  0  0  4 A
 3.947766752  0  0  5 A
 4.001340084  0  0  6 A
 4.001340323  0  0  0 A
 4.001340388  0  0  0 A
 4.015373413  0  0  1 A
 4.236117554  0  0  3 A
 4.236117793  0  0  2 A
 4.236117858  0  0  4 A
 4.236118042  0  0  5 A
 4.281761226  0  0  6 A
 4.281761465  0  0  0 A
 4.281761497  0  0  0 A
 4.300420480  0  0  1 A
 4.399941853  0  0  3 A
 4.399942124  0  0  2 A
 4.399942178  0  0  4 A
 4.399942330  0  0  5 A
 4.412580652  0  0  6 A
 4.412580858  0  0  0 A
 4.412580913  0  0  0 A
 4.444077890  0  0  1 A
 4.455669183  0  0  3 A
 4.455669497  0  0  2 A
 0.012164944  5  5  0 F
 0.012518198  5  5  0 F
 0.033553533  5  5  1 F
 0.195460482  5  5  3 F
 0.195460645  5  5  2 F
 0.195460688  5  5  4 F
 0.195460884  5  5  5 F
 0.224236149  5  5  6 F
 0.224236431  5  5  0 F
 0.224236507  5  5  0 F
 0.254588392  5  5  1 F
 0.507688363  5  5  3 F
 0.507688580  5  5  2 F
 0.507688645  5  5  4 F
 0.507688819  5  5  5 F
 0.525383844  5  5  6 F
 0.525384082  5  5  0 F
 0.525384137  5  5  0 F
 0.553795352  5  5  1 F
 1.581657815  5  5  3 F
 1.581658032  5  5  2 F
 1.581658097  5  5  4 F
 1.581658303  5  5  5 F
 1.625491757  5  5  6 F
 1.625492006  5  5  0 F
 1.625492071  5  5  0 F
 1.648844782  5  5  1 F
 1.937558527  5  5  3 F
 1.937558712  5  5  2 F
 1.937558766  5  5  4 F
 1.937558950  5  5  5 F
 1.960337085  5  5  6 F
 1.960337302  5  5  0 F
 1.960337356  5  5  0 F
 1.987200420  5  5  1 F
 2.892459196  5  5  3 F
 2.892459457  5  5  2 F
 2.892459522  5  5  4 F
 2.892459706  5  5  5 F
 2.934681316  5  5  6 F
 2.934681479  5  5  0 F
 2.934681533  5  5  0 F
 2.948536006  5  5  1 F
 4.001622595  5  5  3 F
 4.001622855  5  5  2 F
 4.001622899  5  5  4 F
 4.001623061  5  5  5 F
 4.055415105  5  5  6 F
 4.055415366  5  5  0 F
 4.055415409  5  5  0 F
 4.089188084  5  5  1 F
 4.167847154  5  5  3 F
 4.167847382  5  5  2 F
 4.167847437  5  5  4 F
 4.167847632  5  5  5 F
 4.184657939  5  5  6 F
 4.184658210  5  5  0 F
 4.184658275  5  5  0 F
 4.224040165  5  5  1 F
 4.314840883  5  5  3 F
 4.314841101  5  5  2 F
 4.314841166  5  5  4 F
 4.314841404  5  5  5 F
 4.360133868  5  5  6 F
 4.360134194  5  5  0 F
 4.360134248  5  5  0 F
 4.386469732  5  5  1 F
 4.475532715  5  5  3 F
 4.475533095  5  5  4 F
 4.475533269  5  5  5 F
 4.506107966  5  5  6 F
 4.506108313  5  5  0 F
-1  15  15  7 LOCAL_SECTION;ENTRY_PROTOCOL_1;ENTRY_PROTOCOL_2;ENTRY_PROTOCOL_3;ENTRY_PROTOCOL_4;CRITICAL_SECTION;EXIT_PROTOCOL;EXTRA_LABEL;
