 0.001111826  3  3  0  R
 0.022311738  3  3  1  R
 0.025164653  3  3  2  R
 0.058681539  3  3  3  R
 0.058733088  3  3  0  R
 0.079138786  3  3  1  R
 0.105477170  3  3  2  R
 0.116423982  3  3  3  R
 0.116466201  3  3  0  R
 0.134531031  3  3  1  R
 0.164989552  3  3  2  R
 0.212885350  3  3  3  R
 0.212914725  3  3  0  R
 0.252365668  3  3  1  R
 0.318759290  3  3  2  R
 0.357908059  3  3  3  R
 0.357925261  3  3  0  R
 0.371829941  3  3  1  R
 0.459223405  3  3  2  R
 0.499348830  3  3  3  R
 0.499385288  3  3  0  R
 0.536960484  3  3  1  R
 0.551480706  3  3  2  R
 0.590848194  3  3  3  R
 0.590891544  3  3  0  R
 0.628769073  3  3  1  R
 0.646830964  3  3  2  R
 0.674142219  3  3  3  R
 0.674180059  3  3  0  R
 0.692383659  3  3  1  R
 0.726746996  3  3  2  R
 0.758494943  3  3  3  R
 0.758530178  3  3  0  R
 0.777910774  3  3  1  R
 0.820180722  3  3  2  R
 0.854145381  3  3  3  R
 0.854182870  3  3  0  R
 0.867932800  3  3  1  R
 0.907592373  3  3  2  R
 0.923459211  3  3  3  R
 0.923521491  3  3  0  R
 0.933888828  3  3  1  R
 0.981987440  3  3  2  R
 1.003830380  3  3  3  R
 1.003873660  3  3  0  R
 1.046998940  3  3  1  R
 1.066198627  3  3  2  R
 1.083556123  3  3  3  R
 1.083599554  3  3  0  R
 1.107768985  3  3  1  R
 1.154834759  3  3  2  R
 1.188538879  3  3  3  R
 1.188574025  3  3  0  R
 1.227544717  3  3  1  R
 1.255093365  3  3  2  R
 1.273448233  3  3  3  R
 1.273491624  3  3  0  R
 0.001277263  9  9  0  R
 0.016904548  9  9  1  R
 0.025095871  9  9  2  R
 0.049499755  9  9  3  R
 0.049539469  9  9  0  R
 0.087325780  9  9  1  R
 0.105513898  9  9  2  R
 0.134043725  9  9  3  R
 0.134079321  9  9  0  R
 0.170808676  9  9  1  R
 0.245975842  9  9  2  R
 0.295238861  9  9  3  R
 0.295286610  9  9  0  R
 0.336829990  9  9  1  R
 0.371187247  9  9  2  R
 0.416044785  9  9  3  R
 0.416084909  9  9  0  R
 0.434990853  9  9  1  R
 0.459570638  9  9  2  R
 0.486790343  9  9  3  R
 0.486830107  9  9  0  R
 0.519488346  9  9  1  R
 0.551228489  9  9  2  R
 0.575841598  9  9  3  R
 0.575882764  9  9  0  R
 0.597501237  9  9  1  R
 0.646457172  9  9  2  R
 0.665378684  9  9  3  R
 0.665419450  9  9  0  R
 0.700291032  9  9  1  R
 0.726784205  9  9  2  R
 0.737558366  9  9  3  R
 0.737602438  9  9  0  R
 0.781636458  9  9  1  R
 0.820213213  9  9  2  R
 0.868193885  9  9  3  R
 0.868215275  9  9  0  R
 0.904985457  9  9  1  R
 0.908177246  9  9  2  R
 0.919601897  9  9  3  R
 0.919650979  9  9  0  R
 0.935822972  9  9  1  R
 0.982024719  9  9  2  R
 1.011244438  9  9  3  R
 1.011282929  9  9  0  R
 1.030938303  9  9  1  R
 1.066120973  9  9  2  R
 1.080913724  9  9  3  R
 1.080957124  9  9  0  R
 1.100282083  9  9  1  R
 1.154754961  9  9  2  R
 1.186358678  9  9  3  R
 1.186389064  9  9  0  R
 1.221300363  9  9  1  R
 1.255033774  9  9  2  R
 1.291309853  9  9  3  R
 1.291350769  9  9  0  R
 0.001053338  1  1  0  R
 0.035199396  1  1  1  R
 0.105404835  1  1  2  R
 0.142511091  1  1  3  R
 0.142547298  1  1  0  R
 0.180955232  1  1  1  R
 0.246013592  1  1  2  R
 0.284973172  1  1  3  R
 0.285030638  1  1  0  R
 0.298320786  1  1  1  R
 0.318873141  1  1  2  R
 0.343195750  1  1  3  R
 0.343236515  1  1  0  R
 0.369107281  1  1  1  R
 0.371326614  1  1  2  R
 0.388727100  1  1  3  R
 0.388770912  1  1  0  R
 0.423755584  1  1  1  R
 0.459408248  1  1  2  R
 0.497847600  1  1  3  R
 0.497891161  1  1  0  R
 0.518626344  1  1  1  R
 0.551075455  1  1  2  R
 0.591135618  1  1  3  R
 0.591170583  1  1  0  R
 0.631301589  1  1  1  R
 0.646877376  1  1  2  R
 0.693536771  1  1  3  R
 0.693572528  1  1  0  R
 0.705022784  1  1  1  R
 0.726890883  1  1  2  R
 0.764199313  1  1  3  R
 0.764234328  1  1  0  R
 0.791949662  1  1  1  R
 0.820281620  1  1  2  R
 0.862347563  1  1  3  R
 0.862391605  1  1  0  R
 0.886566590  1  1  1  R
 0.908028620  1  1  2  R
 0.957128345  1  1  3  R
 0.957166996  1  1  0  R
 1.000863847  1  1  1  R
 1.066079946  1  1  2  R
 1.114082526  1  1  3  R
 1.114120547  1  1  0  R
 1.164174554  1  1  1  R
 1.204038809  1  1  2  R
 1.243904546  1  1  3  R
 1.243930073  1  1  0  R
 1.263555070  1  1  1  R
 1.319032306  1  1  2  R
 1.347372260  1  1  3  R
 1.347420219  1  1  0  R
 1.397209491  1  1  1  R
 1.402984535  1  1  2  R
 1.414385236  1  1  3  R
 1.414429679  1  1  0  R
 1.428593838  1  1  1  R
 1.494303923  1  1  2  R
 1.513708600  1  1  3  R
 1.513753237  1  1  0  R
 1.557343346  1  1  1  R
 1.601262483  1  1  2  R
 1.625313325  1  1  3  R
 1.625351977  1  1  0  R
 1.659952950  1  1  1  R
 1.691261360  1  1  2  R
 1.736307499  1  1  3  R
 1.736352172  1  1  0  R
 0.001196684  6  6  0  R
 0.044291044  6  6  1  R
 0.105440431  6  6  2  R
 0.139035345  6  6  3  R
 0.139084383  6  6  0  R
 0.189104938  6  6  1  R
 0.246088511  6  6  2  R
 0.267245150  6  6  3  R
 0.267290324  6  6  0  R
 0.278075104  6  6  1  R
 0.318794836  6  6  2  R
 0.351680836  6  6  3  R
 0.351705562  6  6  0  R
 0.396775267  6  6  1  R
 0.459370268  6  6  2  R
 0.505612660  6  6  3  R
 0.505651322  6  6  0  R
 0.517664086  6  6  1  R
 0.551041131  6  6  2  R
 0.561562131  6  6  3  R
 0.561608487  6  6  0  R
 0.584870426  6  6  1  R
 0.646364520  6  6  2  R
 0.672622555  6  6  3  R
 0.672657259  6  6  0  R
 0.700401911  6  6  1  R
 0.726820412  6  6  2  R
 0.770195066  6  6  3  R
 0.770234078  6  6  0  R
 0.815136151  6  6  1  R
 0.820388804  6  6  2  R
 0.849380757  6  6  3  R
 0.849424358  6  6  0  R
 0.870624191  6  6  1  R
 0.907850655  6  6  2  R
 0.934319839  6  6  3  R
 0.934354423  6  6  0  R
 0.973591037  6  6  1  R
 0.982163938  6  6  2  R
 1.011509951  6  6  3  R
 1.011545968  6  6  0  R
 1.047420093  6  6  1  R
 1.066276021  6  6  2  R
 1.090816254  6  6  3  R
 1.090863161  6  6  0  R
 1.120841987  6  6  1  R
 1.154934314  6  6  2  R
 1.186271847  6  6  3  R
 1.186311661  6  6  0  R
 1.206463185  6  6  1  R
 1.254871835  6  6  2  R
 1.267307623  6  6  3  R
 1.267347657  6  6  0  R
 1.311041167  6  6  1  R
 1.319139746  6  6  2  R
 1.352462455  6  6  3  R
 1.352509252  6  6  0  R
 1.396415093  6  6  1  R
 1.402911550  6  6  2  R
 1.438348174  6  6  3  R
 1.438387036  6  6  0  R
 1.455725955  6  6  1  R
 1.494339739  6  6  2  R
 1.526218141  6  6  3  R
 1.526253788  6  6  0  R
 1.569707580  6  6  1  R
 1.601332613  6  6  2  R
 1.619951320  6  6  3  R
 1.619998042  6  6  0  R
 1.659656811  6  6  1  R
 1.691191949  6  6  2  R
 1.706534291  6  6  3  R
 1.706587196  6  6  0  R
 1.732635909  6  6  1  R
 1.753171145  6  6  2  R
 1.773090088  6  6  3  R
 1.773131385  6  6  0  R
 1.816670137  6  6  1  R
 1.824578250  6  6  2  R
 1.870670690  6  6  3  R
 1.870692781  6  6  0  R
 1.912598529  6  6  1  R
 1.957788545  6  6  2  R
 1.985776594  6  6  3  R
 1.985828460  6  6  0  R
 0.001167800  5  5  0  R
 0.025862224  5  5  1  R
 0.105224330  5  5  2  R
 0.125271894  5  5  3  R
 0.125313782  5  5  0  R
 0.161215208  5  5  1  R
 0.165270042  5  5  2  R
 0.181684918  5  5  3  R
 0.181714784  5  5  0  R
 0.192402906  5  5  1  R
 0.246158802  5  5  2  R
 0.288739050  5  5  3  R
 0.288778303  5  5  0  R
 0.320184517  5  5  1  R
 0.371101239  5  5  2  R
 0.413771358  5  5  3  R
 0.413822834  5  5  0  R
 0.432249478  5  5  1  R
 0.459454777  5  5  2  R
 0.490103508  5  5  3  R
 0.490149484  5  5  0  R
 0.531427563  5  5  1  R
 0.551437576  5  5  2  R
 0.579951397  5  5  3  R
 0.580211196  5  5  0  R
 0.602783182  5  5  1  R
 0.646503416  5  5  2  R
 0.668329255  5  5  3  R
 0.668372175  5  5  0  R
 0.688795709  5  5  1  R
 0.726708346  5  5  2  R
 0.763765024  5  5  3  R
 0.763817452  5  5  0  R
 0.776656181  5  5  1  R
 0.820133765  5  5  2  R
 0.830940457  5  5  3  R
 0.830989779  5  5  0  R
 0.872957267  5  5  1  R
 0.907936639  5  5  2  R
 0.931782542  5  5  3  R
 0.931840490  5  5  0  R
 0.945988802  5  5  1  R
 0.982066519  5  5  2  R
 0.999816058  5  5  3  R
 0.999859188  5  5  0  R
 1.038354063  5  5  1  R
 1.066159274  5  5  2  R
 1.095029000  5  5  3  R
 1.095074905  5  5  0  R
 1.118831349  5  5  1  R
 1.154902325  5  5  2  R
 1.174190225  5  5  3  R
 1.174229358  5  5  0  R
 1.217118772  5  5  1  R
 1.254955819  5  5  2  R
 1.287575302  5  5  3  R
 1.287626718  5  5  0  R
 1.332203749  5  5  1  R
 1.402710491  5  5  2  R
 1.443184990  5  5  3  R
 1.443229122  5  5  0  R
 1.470476232  5  5  1  R
 1.494463023  5  5  2  R
 1.529999600  5  5  3  R
 1.530038201  5  5  0  R
 1.574097415  5  5  1  R
 1.601370624  5  5  2  R
 1.624224771  5  5  3  R
 1.624294090  5  5  0  R
 1.655189549  5  5  1  R
 1.691111341  5  5  2  R
 1.726103579  5  5  3  R
 1.726149454  5  5  0  R
 1.749153097  5  5  1  R
 1.753326362  5  5  2  R
 1.784017391  5  5  3  R
 1.784055792  5  5  0  R
 1.806549960  5  5  1  R
 1.824539178  5  5  2  R
 1.862603287  5  5  3  R
 1.862647670  5  5  0  R
 1.909275676  5  5  1  R
 1.957749112  5  5  2  R
 1.988122711  5  5  3  R
 1.988161634  5  5  0  R
 0.001251215  8  8  0  R
 0.016240213  8  8  1  R
 0.025060335  8  8  2  R
 0.074670061  8  8  3  R
 0.074693264  8  8  0  R
 0.100103643  8  8  1  R
 0.105591736  8  8  2  R
 0.125845720  8  8  3  R
 0.125882238  8  8  0  R
 0.145202291  8  8  1  R
 0.165064361  8  8  2  R
 0.211342503  8  8  3  R
 0.211386255  8  8  0  R
 0.239502836  8  8  1  R
 0.246297936  8  8  2  R
 0.276938652  8  8  3  R
 0.276981712  8  8  0  R
 0.288476204  8  8  1  R
 0.318834259  8  8  2  R
 0.330680181  8  8  3  R
 0.330719164  8  8  0  R
 0.347376047  8  8  1  R
 0.371231419  8  8  2  R
 0.406236547  8  8  3  R
 0.406282823  8  8  0  R
 0.432908141  8  8  1  R
 0.459493517  8  8  2  R
 0.507575816  8  8  3  R
 0.507596334  8  8  0  R
 0.545954646  8  8  1  R
 0.551571260  8  8  2  R
 0.576391568  8  8  3  R
 0.576429678  8  8  0  R
 0.620109849  8  8  1  R
 0.646544031  8  8  2  R
 0.690855627  8  8  3  R
 0.690897234  8  8  0  R
 0.725468368  8  8  1  R
 0.727039342  8  8  2  R
 0.742561582  8  8  3  R
 0.742596016  8  8  0  R
 0.770966407  8  8  1  R
 0.820080226  8  8  2  R
 0.840352208  8  8  3  R
 0.840395368  8  8  0  R
 0.864906652  8  8  1  R
 0.907486107  8  8  2  R
 0.927905753  8  8  3  R
 0.927954374  8  8  0  R
 0.946383959  8  8  1  R
 0.982102223  8  8  2  R
 1.002694336  8  8  3  R
 1.002736114  8  8  0  R
 1.047053249  8  8  1  R
 1.066237720  8  8  2  R
 1.077863324  8  8  3  R
 1.077915060  8  8  0  R
 1.104842565  8  8  1  R
 1.154798311  8  8  2  R
 1.169841927  8  8  3  R
 1.169892649  8  8  0  R
 1.218920842  8  8  1  R
 1.254996685  8  8  2  R
 1.302233439  8  8  3  R
 1.302255871  8  8  0  R
 1.315788346  8  8  1  R
 1.319226956  8  8  2  R
 1.364861783  8  8  3  R
 1.364892711  8  8  0  R
 1.405226712  8  8  1  R
 1.494259324  8  8  2  R
 1.537295645  8  8  3  R
 1.537329188  8  8  0  R
 1.584611292  8  8  1  R
 1.601537850  8  8  2  R
 1.624288584  8  8  3  R
 1.624331248  8  8  0  R
 1.639338795  8  8  1  R
 1.691061056  8  8  2  R
 1.733519250  8  8  3  R
 1.733554456  8  8  0  R
 1.743633292  8  8  1  R
 1.753213854  8  8  2  R
 1.800083015  8  8  3  R
 1.800101350  8  8  0  R
 1.820582878  8  8  1  R
 1.824655308  8  8  2  R
 1.859125156  8  8  3  R
 1.859165100  8  8  0  R
 1.877986494  8  8  1  R
 1.896648270  8  8  2  R
 1.942292853  8  8  3  R
 1.942337887  8  8  0  R
 1.966930805  8  8  1  R
 2.035519695  8  8  2  R
 2.078470866  8  8  3  R
 2.078493007  8  8  0  R
 0.001082682  2  2  0  R
 0.030426147  2  2  1  R
 0.105331569  2  2  2  R
 0.120226217  2  2  3  R
 0.120264198  2  2  0  R
 0.149744982  2  2  1  R
 0.165100569  2  2  2  R
 0.192105724  2  2  3  R
 0.192142633  2  2  0  R
 0.216457929  2  2  1  R
 0.246194909  2  2  2  R
 0.267338944  2  2  3  R
 0.267398759  2  2  0  R
 0.307905650  2  2  1  R
 0.318945917  2  2  2  R
 0.334766816  2  2  3  R
 0.334808173  2  2  0  R
 0.373162858  2  2  1  R
 0.459262538  2  2  2  R
 0.476957429  2  2  3  R
 0.477004116  2  2  0  R
 0.508724453  2  2  1  R
 0.551006186  2  2  2  R
 0.595933173  2  2  3  R
 0.595974570  2  2  0  R
 0.623687028  2  2  1  R
 0.646792068  2  2  2  R
 0.666847133  2  2  3  R
 0.666892738  2  2  0  R
 0.704318496  2  2  1  R
 0.726856810  2  2  2  R
 0.757316493  2  2  3  R
 0.757355906  2  2  0  R
 0.788409333  2  2  1  R
 0.820250282  2  2  2  R
 0.859164812  2  2  3  R
 0.859211379  2  2  0  R
 0.900109585  2  2  1  R
 0.908112987  2  2  2  R
 0.951167057  2  2  3  R
 0.951208034  2  2  0  R
 0.979037047  2  2  1  R
 0.982192982  2  2  2  R
 1.017973592  2  2  3  R
 1.018020058  2  2  0  R
 1.055000949  2  2  1  R
 1.066350910  2  2  2  R
 1.107109169  2  2  3  R
 1.107153441  2  2  0  R
 1.139312518  2  2  1  R
 1.155038658  2  2  2  R
 1.170177771  2  2  3  R
 1.170212506  2  2  0  R
 1.191478141  2  2  1  R
 1.204101961  2  2  2  R
 1.214600454  2  2  3  R
 1.214660235  2  2  0  R
 1.229899763  2  2  1  R
 1.255156447  2  2  2  R
 1.267915020  2  2  3  R
 1.267967148  2  2  0  R
 1.300042841  2  2  1  R
 1.319067722  2  2  2  R
 1.339030967  2  2  3  R
 1.339083689  2  2  0  R
 1.370822852  2  2  1  R
 1.402835038  2  2  2  R
 1.436246338  2  2  3  R
 1.436289649  2  2  0  R
 1.470663020  2  2  1  R
 1.494498669  2  2  2  R
 1.518337267  2  2  3  R
 1.518383453  2  2  0  R
 1.564421478  2  2  1  R
 1.601298049  2  2  2  R
 1.630915806  2  2  3  R
 1.630960639  2  2  0  R
 1.659886278  2  2  1  R
 1.691225592  2  2  2  R
 1.731881838  2  2  3  R
 1.731922073  2  2  0  R
 1.759518219  2  2  1  R
 1.824363032  2  2  2  R
 1.844012434  2  2  3  R
 1.844050705  2  2  0  R
 1.856157502  2  2  1  R
 1.896606302  2  2  2  R
 1.943971342  2  2  3  R
 1.943993493  2  2  0  R
 1.983299501  2  2  1  R
 2.035554339  2  2  2  R
 2.050398973  2  2  3  R
 2.050439619  2  2  0  R
 2.084931380  2  2  1  R
 2.118147033  2  2  2  R
 2.141331975  2  2  3  R
 2.141375663  2  2  0  R
 0.001021418  0  0  0  R
 0.026770972  0  0  1  R
 0.105262962  0  0  2  R
 0.149821433  0  0  3  R
 0.150134787  0  0  0  R
 0.181393928  0  0  1  R
 0.246051232  0  0  2  R
 0.270765982  0  0  3  R
 0.270832706  0  0  0  R
 0.305988064  0  0  1  R
 0.318910360  0  0  2  R
 0.356752249  0  0  3  R
 0.356797333  0  0  0  R
 0.374488870  0  0  1  R
 0.459335062  0  0  2  R
 0.484170482  0  0  3  R
 0.484218201  0  0  0  R
 0.530323668  0  0  1  R
 0.551395357  0  0  2  R
 0.581753773  0  0  3  R
 0.581794548  0  0  0  R
 0.591921208  0  0  1  R
 0.646403853  0  0  2  R
 0.695740805  0  0  3  R
 0.695762926  0  0  0  R
 0.734995411  0  0  1  R
 0.820017519  0  0  2  R
 0.858277828  0  0  3  R
 0.858320428  0  0  0  R
 0.877039227  0  0  1  R
 0.907985505  0  0  2  R
 0.942497023  0  0  3  R
 0.942536346  0  0  0  R
 0.979587318  0  0  1  R
 0.982221866  0  0  2  R
 1.032206839  0  0  3  R
 1.032225183  0  0  0  R
 1.063814636  0  0  1  R
 1.066461721  0  0  2  R
 1.116312320  0  0  3  R
 1.116332337  0  0  0  R
 1.160026847  0  0  1  R
 1.204002221  0  0  2  R
 1.222546076  0  0  3  R
 1.222582514  0  0  0  R
 1.256511881  0  0  1  R
 1.318994145  0  0  2  R
 1.335612774  0  0  3  R
 1.335676181  0  0  0  R
 1.358627158  0  0  1  R
 1.402791948  0  0  2  R
 1.431688758  0  0  3  R
 1.431745292  0  0  0  R
 1.467049215  0  0  1  R
 1.494421646  0  0  2  R
 1.538739428  0  0  3  R
 1.538763072  0  0  0  R
 1.579732729  0  0  1  R
 1.601461973  0  0  2  R
 1.620278277  0  0  3  R
 1.620313873  0  0  0  R
 1.656207943  0  0  1  R
 1.691158276  0  0  2  R
 1.702278520  0  0  3  R
 1.702319616  0  0  0  R
 1.743686645  0  0  1  R
 1.753249060  0  0  2  R
 1.781496737  0  0  3  R
 1.781537402  0  0  0  R
 1.799441634  0  0  1  R
 1.824477394  0  0  2  R
 1.839128729  0  0  3  R
 1.839172430  0  0  0  R
 1.883392148  0  0  1  R
 1.896682374  0  0  2  R
 1.911187867  0  0  3  R
 1.911227311  0  0  0  R
 1.937601506  0  0  1  R
 1.957823129  0  0  2  R
 2.004445534  0  0  3  R
 2.004470099  0  0  0  R
 2.044497878  0  0  1  R
 2.118111667  0  0  2  R
 2.141631779  0  0  3  R
 2.141681972  0  0  0  R
 0.001223624  7  7  0  R
 0.031415784  7  7  1  R
 0.105368237  7  7  2  R
 0.120766720  7  7  3  R
 0.120804871  7  7  0  R
 0.168007729  7  7  1  R
 0.245937320  7  7  2  R
 0.295920626  7  7  3  R
 0.295940483  7  7  0  R
 0.335627443  7  7  1  R
 0.371146421  7  7  2  R
 0.416383853  7  7  3  R
 0.416404361  7  7  0  R
 0.466113587  7  7  1  R
 0.550967955  7  7  2  R
 0.578380013  7  7  3  R
 0.578553435  7  7  0  R
 0.621524538  7  7  1  R
 0.646748978  7  7  2  R
 0.679328144  7  7  3  R
 0.679363550  7  7  0  R
 0.723956198  7  7  1  R
 0.726964289  7  7  2  R
 0.773410770  7  7  3  R
 0.773432069  7  7  0  R
 0.813175966  7  7  1  R
 0.820315763  7  7  2  R
 0.860504879  7  7  3  R
 0.860569399  7  7  0  R
 0.872195586  7  7  1  R
 0.907887323  7  7  2  R
 0.957350317  7  7  3  R
 0.957370735  7  7  0  R
 0.981473078  7  7  1  R
 0.982280969  7  7  2  R
 1.007364185  7  7  3  R
 1.007408227  7  7  0  R
 1.050592415  7  7  1  R
 1.066313510  7  7  2  R
 1.084359985  7  7  3  R
 1.084406251  7  7  0  R
 1.108035137  7  7  1  R
 1.154867490  7  7  2  R
 1.188704685  7  7  3  R
 1.188746403  7  7  0  R
 1.209841622  7  7  1  R
 1.254911659  7  7  2  R
 1.278011440  7  7  3  R
 1.278051214  7  7  0  R
 1.305163834  7  7  1  R
 1.319104581  7  7  2  R
 1.367652170  7  7  3  R
 1.367678229  7  7  0  R
 1.386608062  7  7  1  R
 1.402875403  7  7  2  R
 1.446762218  7  7  3  R
 1.446788577  7  7  0  R
 1.478525388  7  7  1  R
 1.494562738  7  7  2  R
 1.531511399  7  7  3  R
 1.531558192  7  7  0  R
 1.552330530  7  7  1  R
 1.556767940  7  7  2  R
 1.568049998  7  7  3  R
 1.568071498  7  7  0  R
 1.616049936  7  7  1  R
 1.691025239  7  7  2  R
 1.738563580  7  7  3  R
 1.738609285  7  7  0  R
 1.759779412  7  7  1  R
 1.824399880  7  7  2  R
 1.858444559  7  7  3  R
 1.858488090  7  7  0  R
 1.885089019  7  7  1  R
 1.896757356  7  7  2  R
 1.938569022  7  7  3  R
 1.938614086  7  7  0  R
 1.953475210  7  7  1  R
 1.957897413  7  7  2  R
 1.989385640  7  7  3  R
 1.989425644  7  7  0  R
 2.034755625  7  7  1  R
 2.035650356  7  7  2  R
 2.068787823  7  7  3  R
 2.068828959  7  7  0  R
 2.111703191  7  7  1  R
 2.118280736  7  7  2  R
 2.140274868  7  7  3  R
 2.140318729  7  7  0  R
 2.150734241  7  7  1  R
 2.195015055  7  7  2  R
 2.235105153  7  7  3  R
 2.235156890  7  7  0  R
 0.001139588  4  4  0  R
 0.027483817  4  4  1  R
 0.105296013  4  4  2  R
 0.121850035  4  4  3  R
 0.121921085  4  4  0  R
 0.141713096  4  4  1  R
 0.165029286  4  4  2  R
 0.180110401  4  4  3  R
 0.180154843  4  4  0  R
 0.191177329  4  4  1  R
 0.246122725  4  4  2  R
 0.258468237  4  4  3  R
 0.258511157  4  4  0  R
 0.308419703  4  4  1  R
 0.319015870  4  4  2  R
 0.332162203  4  4  3  R
 0.332195696  4  4  0  R
 0.373335046  4  4  1  R
 0.459300348  4  4  2  R
 0.493924909  4  4  3  R
 0.493967007  4  4  0  R
 0.526468585  4  4  1  R
 0.551356004  4  4  2  R
 0.600323921  4  4  3  R
 0.600345862  4  4  0  R
 0.635828549  4  4  1  R
 0.646950422  4  4  2  R
 0.679089331  4  4  3  R
 0.679131128  4  4  0  R
 0.705621886  4  4  1  R
 0.726927671  4  4  2  R
 0.739956350  4  4  3  R
 0.739999120  4  4  0  R
 0.750336450  4  4  1  R
 0.820040242  4  4  2  R
 0.851307996  4  4  3  R
 0.851348201  4  4  0  R
 0.894001951  4  4  1  R
 0.908075658  4  4  2  R
 0.922448157  4  4  3  R
 0.922492680  4  4  0  R
 0.953846035  4  4  1  R
 0.982132420  4  4  2  R
 1.005861813  4  4  3  R
 1.005908510  4  4  0  R
 1.055343163  4  4  1  R
 1.066387869  4  4  2  R
 1.107290063  4  4  3  R
 1.107326360  4  4  0  R
 1.121160176  4  4  1  R
 1.154963609  4  4  2  R
 1.188878598  4  4  3  R
 1.188896361  4  4  0  R
 1.226014120  4  4  1  R
 1.255062067  4  4  2  R
 1.297889347  4  4  3  R
 1.297930463  4  4  0  R
 1.342000435  4  4  1  R
 1.402755931  4  4  2  R
 1.413339002  4  4  3  R
 1.413387913  4  4  0  R
 1.462721542  4  4  1  R
 1.494380419  4  4  2  R
 1.536012240  4  4  3  R
 1.536059679  4  4  0  R
 1.575575822  4  4  1  R
 1.601424133  4  4  2  R
 1.646777688  4  4  3  R
 1.646802374  4  4  0  R
 1.684555435  4  4  1  R
 1.691351038  4  4  2  R
 1.739956969  4  4  3  R
 1.739978359  4  4  0  R
 1.773182628  4  4  1  R
 1.824437120  4  4  2  R
 1.865652663  4  4  3  R
 1.865699069  4  4  0  R
 1.905118157  4  4  1  R
 1.957701894  4  4  2  R
 1.975479718  4  4  3  R
 1.975523339  4  4  0  R
 2.009158309  4  4  1  R
 2.035584826  4  4  2  R
 2.071386680  4  4  3  R
 2.071430161  4  4  0  R
 2.087393412  4  4  1  R
 2.118185885  4  4  2  R
 2.145308689  4  4  3  R
 2.145327043  4  4  0  R
 2.189901002  4  4  1  R
 2.195092928  4  4  2  R
 2.239991170  4  4  3  R
 2.240013130  4  4  0  R
 2.276961020  4  4  1  R
 2.282491601  4  4  2  R
 2.297229418  4  4  3  R
 2.297251099  4  4  0  R
 0.001417835  14  14  0  W
 0.012469353  14  14  1  W
 0.012515148  14  14  2  W
 0.024946322  14  14  3  W
 0.025017778  14  14  0  W
 0.039392027  14  14  1  W
 0.212974945  14  14  2  W
 0.245808100  14  14  3  W
 0.245894160  14  14  0  W
 0.276617404  14  14  1  W
 0.600414770  14  14  2  W
 0.646251682  14  14  3  W
 0.646327933  14  14  0  W
 0.672285330  14  14  1  W
 1.032266550  14  14  2  W
 1.065965334  14  14  3  W
 1.066031296  14  14  0  W
 1.112442788  14  14  1  W
 1.367733914  14  14  2  W
 1.402580629  14  14  3  W
 1.402664335  14  14  0  W
 1.431633755  14  14  1  W
 1.740030877  14  14  2  W
 1.753075506  14  14  3  W
 1.753135547  14  14  0  W
 1.790650637  14  14  1  W
 2.078564167  14  14  2  W
 2.117981155  14  14  3  W
 2.118067936  14  14  0  W
 2.141218770  14  14  1  W
 2.347344679  14  14  2  W
 2.396242858  14  14  3  W
 2.396488014  14  14  0  W
 2.433808216  14  14  1  W
 2.554953038  14  14  2  W
 2.587297339  14  14  3  W
 2.587376486  14  14  0  W
 2.610949916  14  14  1  W
 2.732738005  14  14  2  W
 2.744841971  14  14  3  W
 2.744920787  14  14  0  W
 2.789348664  14  14  1  W
 2.839570972  14  14  2  W
 2.861589930  14  14  3  W
 2.861678084  14  14  0  W
 2.902677431  14  14  1  W
 2.970257035  14  14  2  W
 2.984296891  14  14  3  W
 2.984372711  14  14  0  W
 3.021420146  14  14  1  W
 3.084868581  14  14  2  W
 3.110245619  14  14  3  W
 3.110333812  14  14  0  W
 3.142497387  14  14  1  W
 3.189699736  14  14  2  W
 3.208535297  14  14  3  W
 3.208613692  14  14  0  W
 3.254063873  14  14  1  W
 3.326669318  14  14  2  W
 3.344248785  14  14  3  W
 3.344338872  14  14  0  W
 3.394262783  14  14  1  W
 3.467719379  14  14  2  W
 3.500436109  14  14  3  W
 3.500522249  14  14  0  W
 0.001335812  11  11  0  W
 0.042119217  11  11  1  W
 0.295985749  11  11  2  W
 0.318638926  11  11  3  W
 0.318715548  11  11  0  W
 0.363314394  11  11  1  W
 0.695833379  11  11  2  W
 0.726574124  11  11  3  W
 0.726663260  11  11  0  W
 0.746345756  11  11  1  W
 1.116417315  11  11  2  W
 1.154635579  11  11  3  W
 1.154716559  11  11  0  W
 1.194673281  11  11  1  W
 1.446849639  11  11  2  W
 1.493973929  11  11  3  W
 1.494213098  11  11  0  W
 1.523596229  11  11  1  W
 1.800172612  11  11  2  W
 1.824265972  11  11  3  W
 1.824324971  11  11  0  W
 1.845424127  11  11  1  W
 2.145389701  11  11  2  W
 2.194875907  11  11  3  W
 2.194968218  11  11  0  W
 2.210795417  11  11  1  W
 2.396525293  11  11  2  W
 2.432504866  11  11  3  W
 2.432597017  11  11  0  W
 2.448829176  11  11  1  W
 2.587417124  11  11  2  W
 2.616828650  11  11  3  W
 2.616916012  11  11  0  W
 2.643611474  11  11  1  W
 2.744966343  11  11  2  W
 2.765659762  11  11  3  W
 2.765748547  11  11  0  W
 2.802304166  11  11  1  W
 2.861721434  11  11  2  W
 2.872233878  11  11  3  W
 2.872323845  11  11  0  W
 2.916874571  11  11  1  W
 2.984412848  11  11  2  W
 3.012022115  11  11  3  W
 3.012110649  11  11  0  W
 3.041614709  11  11  1  W
 3.110380749  11  11  2  W
 3.125383644  11  11  3  W
 3.125471507  11  11  0  W
 3.170686721  11  11  1  W
 3.208651685  11  11  2  W
 3.240640167  11  11  3  W
 3.240732568  11  11  0  W
 3.290091690  11  11  1  W
 3.344385308  11  11  2  W
 3.365870436  11  11  3  W
 3.365945836  11  11  0  W
 3.411943765  11  11  1  W
 3.500570809  11  11  2  W
 3.536591496  11  11  3  W
 3.536663775  11  11  0  W
 0.001363153  12  12  0  W
 0.031821160  12  12  1  W
 0.150179670  12  12  2  W
 0.164883305  12  12  3  W
 0.164954738  12  12  0  W
 0.190360110  12  12  1  W
 0.507666697  12  12  2  W
 0.550835509  12  12  3  W
 0.550925997  12  12  0  W
 0.565677569  12  12  1  W
 0.957413304  12  12  2  W
 0.981885150  12  12  3  W
 0.981943158  12  12  0  W
 1.009852852  12  12  1  W
 1.302301778  12  12  2  W
 1.318885353  12  12  3  W
 1.318949873  12  12  0  W
 1.364411779  12  12  1  W
 1.646856827  12  12  2  W
 1.690897201  12  12  3  W
 1.690984153  12  12  0  W
 1.723359061  12  12  1  W
 2.004538637  12  12  2  W
 2.035398169  12  12  3  W
 2.035481895  12  12  0  W
 2.046275130  12  12  1  W
 2.327036099  12  12  2  W
 2.347242707  12  12  3  W
 2.347305153  12  12  0  W
 2.377407232  12  12  1  W
 2.506268469  12  12  2  W
 2.554818136  12  12  3  W
 2.554907151  12  12  0  W
 2.591710602  12  12  1  W
 2.697119353  12  12  2  W
 2.732598785  12  12  3  W
 2.732688481  12  12  0  W
 2.773493617  12  12  1  W
 2.822829323  12  12  2  W
 2.839436180  12  12  3  W
 2.839525666  12  12  0  W
 2.853540707  12  12  1  W
 2.905160374  12  12  2  W
 2.926048586  12  12  3  W
 2.926137812  12  12  0  W
 2.950183260  12  12  1  W
 3.038661019  12  12  2  W
 3.068056188  12  12  3  W
 3.068147357  12  12  0  W
 3.117791349  12  12  1  W
 3.164122102  12  12  2  W
 3.189563502  12  12  3  W
 3.189655432  12  12  0  W
 3.228983519  12  12  1  W
 3.293610988  12  12  2  W
 3.326536159  12  12  3  W
 3.326624393  12  12  0  W
 3.375592277  12  12  1  W
 3.448025948  12  12  2  W
 3.467582483  12  12  3  W
 3.467673722  12  12  0  W
 3.502466653  12  12  1  W
 3.609086830  12  12  2  W
 3.644907384  12  12  3  W
 3.644978827  12  12  0  W
 3.657554525  12  12  1  W
 3.674705537  12  12  2  W
 3.720615667  12  12  3  W
 3.720689304  12  12  0  W
 0.001389953  13  13  0  W
 0.017947176  13  13  1  W
 0.074745431  13  13  2  W
 0.105091453  13  13  3  W
 0.105180268  13  13  0  W
 0.133090333  13  13  1  W
 0.416470015  13  13  2  W
 0.459136233  13  13  3  W
 0.459182449  13  13  0  W
 0.492856526  13  13  1  W
 0.868263304  13  13  2  W
 0.907315998  13  13  3  W
 0.907438515  13  13  0  W
 0.951778484  13  13  1  W
 1.243976738  13  13  2  W
 1.254783100  13  13  3  W
 1.254842521  13  13  0  W
 1.273724346  13  13  1  W
 1.568114748  13  13  2  W
 1.601145846  13  13  3  W
 1.601217048  13  13  0  W
 1.625855671  13  13  1  W
 1.944060787  13  13  2  W
 1.957572864  13  13  3  W
 1.957660998  13  13  0  W
 1.985334751  13  13  1  W
 2.297301062  13  13  2  W
 2.326930182  13  13  3  W
 2.326987859  13  13  0  W
 2.349469683  13  13  1  W
 2.481906704  13  13  2  W
 2.506151861  13  13  3  W
 2.506227441  13  13  0  W
 2.545373073  13  13  1  W
 2.661778947  13  13  2  W
 2.696999468  13  13  3  W
 2.697074237  13  13  0  W
 2.711226973  13  13  1  W
 2.809246464  13  13  2  W
 2.822694232  13  13  3  W
 2.822784339  13  13  0  W
 2.834867029  13  13  1  W
 2.872365923  13  13  2  W
 2.905031124  13  13  3  W
 2.905117474  13  13  0  W
 2.945511358  13  13  1  W
 3.012153258  13  13  2  W
 3.038529825  13  13  3  W
 3.038618480  13  13  0  W
 3.069538470  13  13  1  W
 3.125511421  13  13  2  W
 3.152304167  13  13  3  W
 3.152393002  13  13  0  W
 3.189937645  13  13  1  W
 3.240776219  13  13  2  W
 3.281748448  13  13  3  W
 3.281840429  13  13  0  W
 3.293034845  13  13  1  W
 3.365993834  13  13  2  W
 3.414019219  13  13  3  W
 3.414106210  13  13  0  W
 3.430535223  13  13  1  W
 3.536701736  13  13  2  W
 3.567416722  13  13  3  W
 3.567494898  13  13  0  W
 3.596491275  13  13  1  W
 3.645020405  13  13  2  W
 3.663838450  13  13  3  W
 3.663899675  13  13  0  W
 3.691745632  13  13  1  W
 3.720760245  13  13  2  W
 3.748796856  13  13  3  W
 3.748891983  13  13  0  W
 3.797410913  13  13  1  W
 3.798744213  13  13  2  W
 3.836455902  13  13  3  W
 3.836527526  13  13  0  W
 3.883058803  13  13  1  W
 3.883107704  13  13  2  W
 3.930164284  13  13  3  W
 3.930253309  13  13  0  W
 3.973340004  13  13  1  W
 3.973389616  13  13  2  W
 3.993922999  13  13  3  W
 3.994049500  13  13  0  W
 0.001306678  10  10  0  W
 0.042683585  10  10  1  W
 0.357971405  10  10  2  W
 0.370777397  10  10  3  W
 0.371053891  10  10  0  W
 0.414506825  10  10  1  W
 0.773499936  10  10  2  W
 0.819876330  10  10  3  W
 0.819955629  10  10  0  W
 0.831548778  10  10  1  W
 1.188945182  10  10  2  W
 1.203904960  10  10  3  W
 1.203968338  10  10  0  W
 1.233011062  10  10  1  W
 1.538815711  10  10  2  W
 1.556634407  10  10  3  W
 1.556693186  10  10  0  W
 1.596531462  10  10  1  W
 1.870760875  10  10  2  W
 1.896470739  10  10  3  W
 1.896557410  10  10  0  W
 1.911785105  10  10  1  W
 2.240090494  10  10  2  W
 2.282318394  10  10  3  W
 2.282405055  10  10  0  W
 2.321255289  10  10  1  W
 2.432641922  10  10  2  W
 2.481772996  10  10  3  W
 2.481859186  10  10  0  W
 2.519241983  10  10  1  W
 2.616963232  10  10  2  W
 2.661476124  10  10  3  W
 2.661729816  10  10  0  W
 2.673747885  10  10  1  W
 2.765794504  10  10  2  W
 2.809113107  10  10  3  W
 2.809200229  10  10  0  W
 2.853593232  10  10  1  W
 2.926182426  10  10  2  W
 2.970127845  10  10  3  W
 2.970215838  10  10  0  W
 2.989937671  10  10  1  W
 3.068192473  10  10  2  W
 3.084738329  10  10  3  W
 3.084826873  10  10  0  W
 3.112533730  10  10  1  W
 3.152435632  10  10  2  W
 3.163991340  10  10  3  W
 3.164077089  10  10  0  W
 3.213603724  10  10  1  W
 3.281884832  10  10  2  W
 3.293490562  10  10  3  W
 3.293567215  10  10  0  W
 3.320278100  10  10  1  W
 3.414151254  10  10  2  W
 3.447913950  10  10  3  W
 3.447980764  10  10  0  W
 3.495965504  10  10  1  W
 3.567546015  10  10  2  W
 3.608974371  10  10  3  W
 3.609041286  10  10  0  W
 3.654691330  10  10  1  W
 3.663938828  10  10  2  W
 3.674595051  10  10  3  W
 3.674660283  10  10  0  W
 3.694270726  10  10  1  W
 3.748938840  10  10  2  W
 3.798493741  10  10  3  W
 3.798585081  10  10  0  W
 3.830322556  10  10  1  W
 3.836572540  10  10  2  W
 3.856897625  10  10  3  W
 3.857008030  10  10  0  W
 3.887548497  10  10  1  W
 3.930298578  10  10  2  W
 3.954358070  10  10  3  W
 3.954490056  10  10  0  W
 4.002100387  10  10  1  W
 4.002152865  10  10  2  W
 4.031420696  10  10  3  W
 4.031561157  10  10  0  W
 4.078321862  10  10  1  W
 4.078374070  10  10  2  W
 4.110937078  10  10  3  W
 4.111075396  10  10  0  W
 4.124638000  10  10  1  W
 4.124686300  10  10  2  W
 4.165101338  10  10  3  W
 4.165237171  10  10  0  W
 4.197656284  10  10  1  W
 4.197702229  10  10  2  W
 4.245958823  10  10  3  W
 4.246093975  10  10  0  W
 4.265824728  10  10  1  W
 4.265872247  10  10  2  W
 4.289392030  10  10  3  W
 4.289529576  10  10  0  W
-1  15  15  4 LOCAL_SECTION;START;READING_ROOM;STOP;EXTRA_LABEL;
