 0.001554962  11  11  0 L
 0.001751731  11  11  0 L
 0.046413607  11  11  1 L
 0.126615090  11  11  3 L
 0.126615251  11  11  2 L
 0.126615301  11  11  4 L
 0.126615421  11  11  5 L
 0.137958469  11  11  6 L
 0.137958630  11  11  0 L
 0.137958670  11  11  0 L
 0.164709894  11  11  1 L
 0.240953359  11  11  3 L
 0.240953530  11  11  2 L
 0.240953560  11  11  4 L
 0.240953680  11  11  5 L
 0.272276841  11  11  6 L
 0.272277072  11  11  0 L
 0.272277122  11  11  0 L
 0.308544734  11  11  1 L
 0.723730532  11  11  3 L
 0.723730953  11  11  2 L
 0.723731014  11  11  4 L
 0.723731164  11  11  5 L
 0.759149107  11  11  6 L
 0.759149439  11  11  0 L
 0.759149499  11  11  0 L
 0.770874050  11  11  1 L
 0.776209971  11  11  3 L
 0.776210232  11  11  2 L
 0.776210272  11  11  4 L
 0.776210413  11  11  5 L
 0.804445599  11  11  6 L
 0.804445759  11  11  0 L
 0.804445830  11  11  0 L
 0.824900978  11  11  1 L
 1.116304858  11  11  3 L
 1.116305189  11  11  2 L
 1.116305249  11  11  4 L
 1.116305420  11  11  5 L
 1.143343594  11  11  6 L
 1.143343745  11  11  0 L
 1.143343785  11  11  0 L
 1.192385800  11  11  1 L
 1.327094868  11  11  3 L
 1.327095019  11  11  2 L
 1.327095069  11  11  4 L
 1.327095380  11  11  5 L
 1.371622883  11  11  6 L
 1.371623064  11  11  0 L
 1.371623114  11  11  0 L
 1.416593055  11  11  1 L
 1.665516333  11  11  3 L
 1.665516584  11  11  2 L
 1.665516634  11  11  4 L
 1.665516844  11  11  5 L
 1.680943621  11  11  6 L
 1.680943832  11  11  0 L
 0.001612270  13  13  0 N
 0.001769827  13  13  0 N
 0.027240729  13  13  1 N
 0.709829970  13  13  3 N
 0.709830150  13  13  2 N
 0.709830200  13  13  4 N
 0.709830371  13  13  5 N
 0.723474279  13  13  6 N
 0.723474460  13  13  0 N
 0.723474520  13  13  0 N
 0.764915381  13  13  1 N
 0.804464342  13  13  3 N
 0.804464572  13  13  2 N
 0.804464643  13  13  4 N
 0.804464813  13  13  5 N
 0.854382696  13  13  6 N
 0.854383268  13  13  0 N
 0.854383398  13  13  0 N
 0.866096053  13  13  1 N
 1.080615895  13  13  3 N
 1.080616045  13  13  2 N
 1.080616085  13  13  4 N
 1.080616196  13  13  5 N
 1.116128771  13  13  6 N
 1.116129071  13  13  0 N
 1.116129122  13  13  0 N
 1.151831032  13  13  1 N
 1.711121217  13  13  3 N
 1.711121318  13  13  2 N
 1.711121408  13  13  4 N
 1.711121578  13  13  5 N
 1.726694118  13  13  6 N
 1.726694389  13  13  0 N
 1.726694459  13  13  0 N
 1.775642511  13  13  1 N
 1.808013158  13  13  3 N
 1.808013338  13  13  2 N
 1.808013408  13  13  4 N
 1.808013569  13  13  5 N
 1.850662304  13  13  6 N
 1.850662584  13  13  0 N
 1.850662645  13  13  0 N
 1.897581484  13  13  1 N
 2.367318705  13  13  3 N
 2.367318915  13  13  2 N
 2.367318966  13  13  4 N
 2.367319096  13  13  5 N
 2.401098708  13  13  6 N
 2.401098888  13  13  0 N
 2.401098938  13  13  0 N
 2.423270071  13  13  1 N
 2.483169725  13  13  3 N
 2.483169826  13  13  2 N
 2.483169866  13  13  4 N
 2.483170006  13  13  5 N
 2.517288622  13  13  6 N
 2.517288842  13  13  0 N
 2.517288882  13  13  0 N
 2.531524048  13  13  1 N
 2.922403306  13  13  3 N
 2.922403506  13  13  2 N
 2.922403566  13  13  4 N
 2.922403757  13  13  5 N
 2.969968122  13  13  6 N
 2.969968342  13  13  0 N
 2.969968452  13  13  0 N
 3.005721641  13  13  1 N
 3.278741126  13  13  3 N
 3.278741336  13  13  2 N
 3.278741396  13  13  4 N
 3.278741526  13  13  5 N
 3.303921851  13  13  6 N
 3.303922142  13  13  0 N
 3.303922262  13  13  0 N
 3.336394593  13  13  1 N
 3.486093397  13  13  3 N
 3.486093628  13  13  2 N
 3.486093698  13  13  4 N
 3.486093908  13  13  5 N
 3.498611709  13  13  6 N
 3.498611869  13  13  0 N
 0.001498257  9  9  0 J
 0.001739934  9  9  0 J
 0.050665937  9  9  1 J
 0.166995037  9  9  3 J
 0.166995218  9  9  2 J
 0.166995268  9  9  4 J
 0.166995419  9  9  5 J
 0.183491218  9  9  6 J
 0.183491378  9  9  0 J
 0.183491429  9  9  0 J
 0.212049156  9  9  1 J
 0.358583029  9  9  3 J
 0.358583209  9  9  2 J
 0.358583260  9  9  4 J
 0.358583430  9  9  5 J
 0.394633123  9  9  6 J
 0.394633444  9  9  0 J
 0.394633504  9  9  0 J
 0.418446877  9  9  1 J
 0.633909416  9  9  3 J
 0.633909627  9  9  2 J
 0.633909687  9  9  4 J
 0.633909858  9  9  5 J
 0.669632450  9  9  6 J
 0.669632721  9  9  0 J
 0.669632781  9  9  0 J
 0.699728804  9  9  1 J
 1.371737482  9  9  3 J
 1.371737713  9  9  2 J
 1.371737763  9  9  4 J
 1.371737914  9  9  5 J
 1.385092185  9  9  6 J
 1.385092465  9  9  0 J
 1.385092526  9  9  0 J
 1.421967487  9  9  1 J
 1.538686049  9  9  3 J
 1.538686299  9  9  2 J
 1.538686359  9  9  4 J
 1.538687071  9  9  5 J
 1.551381466  9  9  6 J
 1.551381647  9  9  0 J
 1.551381687  9  9  0 J
 1.586503417  9  9  1 J
 1.601423253  9  9  3 J
 1.601423383  9  9  2 J
 1.601423444  9  9  4 J
 1.601423584  9  9  5 J
 1.622179542  9  9  6 J
 1.622179702  9  9  0 J
 1.622179752  9  9  0 J
 1.654192925  9  9  1 J
 1.781502689  9  9  3 J
 1.781502880  9  9  2 J
 1.781502910  9  9  4 J
 1.781503040  9  9  5 J
 1.808011431  9  9  6 J
 1.808011592  9  9  0 J
 1.808011632  9  9  0 J
 1.825278085  9  9  1 J
 1.896593390  9  9  3 J
 1.896593510  9  9  2 J
 1.896593551  9  9  4 J
 1.896593691  9  9  5 J
 1.920907025  9  9  6 J
 1.920907256  9  9  0 J
 1.920907306  9  9  0 J
 1.955525200  9  9  1 J
 2.211874129  9  9  3 J
 2.211874309  9  9  2 J
 2.211874350  9  9  4 J
 2.211874500  9  9  5 J
 2.251323206  9  9  6 J
 2.251323416  9  9  0 J
 2.251323476  9  9  0 J
 2.294124042  9  9  1 J
 2.730097159  9  9  3 J
 2.730097370  9  9  2 J
 2.730097430  9  9  4 J
 2.730097620  9  9  5 J
 2.775139674  9  9  6 J
 2.775139844  9  9  0 J
 2.775139904  9  9  0 J
 2.793286851  9  9  1 J
 3.498931372  9  9  3 J
 3.498931702  9  9  2 J
 3.498931772  9  9  4 J
 3.498932023  9  9  5 J
 3.516392565  9  9  6 J
 3.516392795  9  9  0 J
 3.516392845  9  9  0 J
 3.529668864  9  9  1 J
 3.564821729  9  9  3 J
 3.564821880  9  9  2 J
 3.564821930  9  9  4 J
 3.564822080  9  9  5 J
 3.586499610  9  9  6 J
 3.586499791  9  9  0 J
 0.001353467  4  4  0 E
 0.001702118  4  4  0 E
 0.017259030  4  4  1 E
 0.101433634  4  4  3 E
 0.101433734  4  4  2 E
 0.101433774  4  4  4 E
 0.101433925  4  4  5 E
 0.115165946  4  4  6 E
 0.115166096  4  4  0 E
 0.115166137  4  4  0 E
 0.141143983  4  4  1 E
 0.272384265  4  4  3 E
 0.272384446  4  4  2 E
 0.272384506  4  4  4 E
 0.272384657  4  4  5 E
 0.296062526  4  4  6 E
 0.296062746  4  4  0 E
 0.296062796  4  4  0 E
 0.333965430  4  4  1 E
 0.394643875  4  4  3 E
 0.394644076  4  4  2 E
 0.394644126  4  4  4 E
 0.394644297  4  4  5 E
 0.413984610  4  4  6 E
 0.413984901  4  4  0 E
 0.413984962  4  4  0 E
 0.461007044  4  4  1 E
 0.586991782  4  4  3 E
 0.586991923  4  4  2 E
 0.586991973  4  4  4 E
 0.586992153  4  4  5 E
 0.633871820  4  4  6 E
 0.633871971  4  4  0 E
 0.633872031  4  4  0 E
 0.672545634  4  4  1 E
 1.551626294  4  4  3 E
 1.551626505  4  4  2 E
 1.551626555  4  4  4 E
 1.551626756  4  4  5 E
 1.601407506  4  4  6 E
 1.601407697  4  4  0 E
 1.601407747  4  4  0 E
 1.616839959  4  4  1 E
 1.622182248  4  4  3 E
 1.622182428  4  4  2 E
 1.622182478  4  4  4 E
 1.622182669  4  4  5 E
 1.637692792  4  4  6 E
 1.637692983  4  4  0 E
 1.637693013  4  4  0 E
 1.674972721  4  4  1 E
 2.251341166  4  4  3 E
 2.251341326  4  4  2 E
 2.251341377  4  4  4 E
 2.251341547  4  4  5 E
 2.265075229  4  4  6 E
 2.265075389  4  4  0 E
 2.265075449  4  4  0 E
 2.298578866  4  4  1 E
 2.428999324  4  4  3 E
 2.428999625  4  4  2 E
 2.428999695  4  4  4 E
 2.428999895  4  4  5 E
 2.455160452  4  4  6 E
 2.455160612  4  4  0 E
 2.455160652  4  4  0 E
 2.466681772  4  4  1 E
 2.591314709  4  4  3 E
 2.591314899  4  4  2 E
 2.591314959  4  4  4 E
 2.591315130  4  4  5 E
 2.601675265  4  4  6 E
 2.601675435  4  4  0 E
 2.601675475  4  4  0 E
 2.621208616  4  4  1 E
 2.970046307  4  4  3 E
 2.970046558  4  4  2 E
 2.970046618  4  4  4 E
 2.970046848  4  4  5 E
 3.019618609  4  4  6 E
 3.019618799  4  4  0 E
 3.019618869  4  4  0 E
 3.055718840  4  4  1 E
 3.774991783  4  4  3 E
 3.774992053  4  4  2 E
 3.774992093  4  4  4 E
 3.774992304  4  4  5 E
 3.791234607  4  4  6 E
 3.791234888  4  4  0 E
 0.001382901  5  5  0 F
 0.001709696  5  5  0 F
 0.040004682  5  5  1 F
 0.425119460  5  5  3 F
 0.425119661  5  5  2 F
 0.425119701  5  5  4 F
 0.425119881  5  5  5 F
 0.452998180  5  5  6 F
 0.452998330  5  5  0 F
 0.452998390  5  5  0 F
 0.490896934  5  5  1 F
 0.759343825  5  5  3 F
 0.759344035  5  5  2 F
 0.759344075  5  5  4 F
 0.759344256  5  5  5 F
 0.775781838  5  5  6 F
 0.775781998  5  5  0 F
 0.775782048  5  5  0 F
 0.823262756  5  5  1 F
 0.882012206  5  5  3 F
 0.882012396  5  5  2 F
 0.882012426  5  5  4 F
 0.882012627  5  5  5 F
 0.916417037  5  5  6 F
 0.916417217  5  5  0 F
 0.916417267  5  5  0 F
 0.963737605  5  5  1 F
 1.204545318  5  5  3 F
 1.204545478  5  5  2 F
 1.204545518  5  5  4 F
 1.204545669  5  5  5 F
 1.218853415  5  5  6 F
 1.218853666  5  5  0 F
 1.218853726  5  5  0 F
 1.260136717  5  5  1 F
 1.446829842  5  5  3 F
 1.446830133  5  5  2 F
 1.446830173  5  5  4 F
 1.446830364  5  5  5 F
 1.485086122  5  5  6 F
 1.485086292  5  5  0 F
 1.485086402  5  5  0 F
 1.529601622  5  5  1 F
 1.990387267  5  5  3 F
 1.990387357  5  5  2 F
 1.990387457  5  5  4 F
 1.990387598  5  5  5 F
 2.031756165  5  5  6 F
 2.031756336  5  5  0 F
 2.031756386  5  5  0 F
 2.069968218  5  5  1 F
 2.097743361  5  5  3 F
 2.097743532  5  5  2 F
 2.097743582  5  5  4 F
 2.097743732  5  5  5 F
 2.143807065  5  5  6 F
 2.143807246  5  5  0 F
 2.143807296  5  5  0 F
 2.158603212  5  5  1 F
 3.130975265  5  5  3 F
 3.130975385  5  5  2 F
 3.130975475  5  5  4 F
 3.130975646  5  5  5 F
 3.173355389  5  5  6 F
 3.173355540  5  5  0 F
 3.173355590  5  5  0 F
 3.207707835  5  5  1 F
 4.028029450  5  5  3 F
 4.028029691  5  5  2 F
 4.028029741  5  5  4 F
 4.028029901  5  5  5 F
 4.074129357  5  5  6 F
 4.074129577  5  5  0 F
 0.001325842  3  3  0 D
 0.001690791  3  3  0 D
 0.016162866  3  3  1 D
 0.062147766  3  3  3 D
 0.062147876  3  3  2 D
 0.062147926  3  3  4 D
 0.062148067  3  3  5 D
 0.101392711  3  3  6 D
 0.101392871  3  3  0 D
 0.101392982  3  3  0 D
 0.119729430  3  3  1 D
 0.137959792  3  3  3 D
 0.137959922  3  3  2 D
 0.137959962  3  3  4 D
 0.137960093  3  3  5 D
 0.166887376  3  3  6 D
 0.166887657  3  3  0 D
 0.166887727  3  3  0 D
 0.182866943  3  3  1 D
 0.229003918  3  3  3 D
 0.229004139  3  3  2 D
 0.229004189  3  3  4 D
 0.229004350  3  3  5 D
 0.240933583  3  3  6 D
 0.240933753  3  3  0 D
 0.240933793  3  3  0 D
 0.288992971  3  3  1 D
 0.314777969  3  3  3 D
 0.314778089  3  3  2 D
 0.314778130  3  3  4 D
 0.314778350  3  3  5 D
 0.358512136  3  3  6 D
 0.358512286  3  3  0 D
 0.358512397  3  3  0 D
 0.400170737  3  3  1 D
 1.385121539  3  3  3 D
 1.385121719  3  3  2 D
 1.385121769  3  3  4 D
 1.385121950  3  3  5 D
 1.409888511  3  3  6 D
 1.409888692  3  3  0 D
 1.409888732  3  3  0 D
 1.424502563  3  3  1 D
 1.727002831  3  3  3 D
 1.727003081  3  3  2 D
 1.727003122  3  3  4 D
 1.727003322  3  3  5 D
 1.757718719  3  3  6 D
 1.757718900  3  3  0 D
 1.757718950  3  3  0 D
 1.778161030  3  3  1 D
 1.952316203  3  3  3 D
 1.952316344  3  3  2 D
 1.952316394  3  3  4 D
 1.952316554  3  3  5 D
 1.977281042  3  3  6 D
 1.977281192  3  3  0 D
 1.977281252  3  3  0 D
 2.009249657  3  3  1 D
 2.633819653  3  3  3 D
 2.633819854  3  3  2 D
 2.633819904  3  3  4 D
 2.633820114  3  3  5 D
 2.654895906  3  3  6 D
 2.654983150  3  3  0 D
 2.654983240  3  3  0 D
 2.669313437  3  3  1 D
 2.863637616  3  3  3 D
 2.863638298  3  3  2 D
 2.863638348  3  3  4 D
 2.863638558  3  3  5 D
 2.907247432  3  3  6 D
 2.907247813  3  3  0 D
 2.907247943  3  3  0 D
 2.954958575  3  3  1 D
 3.623898081  3  3  3 D
 3.623898192  3  3  2 D
 3.623898282  3  3  4 D
 3.623898442  3  3  5 D
 3.657731555  3  3  6 D
 3.657731806  3  3  0 D
 3.657731846  3  3  0 D
 3.684810911  3  3  1 D
 3.880424928  3  3  3 D
 3.880425209  3  3  2 D
 3.880425279  3  3  4 D
 3.880425509  3  3  5 D
 3.910242102  3  3  6 D
 3.910242352  3  3  0 D
 3.910242472  3  3  0 D
 3.952652037  3  3  1 D
 4.074323317  3  3  3 D
 4.074323497  3  3  2 D
 4.074323557  3  3  4 D
 4.074323747  3  3  5 D
 4.107091560  3  3  6 D
 4.107091771  3  3  0 D
 0.001411710  6  6  0 G
 0.001718665  6  6  0 G
 0.018166210  6  6  1 G
 0.537336042  6  6  3 G
 0.537336343  6  6  2 G
 0.537336393  6  6  4 G
 0.537336584  6  6  5 G
 0.586984764  6  6  6 G
 0.586984924  6  6  0 G
 0.586984984  6  6  0 G
 0.611246077  6  6  1 G
 1.038458577  6  6  3 G
 1.038458757  6  6  2 G
 1.038458808  6  6  4 G
 1.038459008  6  6  5 G
 1.080592269  6  6  6 G
 1.080592450  6  6  0 G
 1.080592490  6  6  0 G
 1.094784496  6  6  1 G
 1.681297192  6  6  3 G
 1.681297463  6  6  2 G
 1.681297503  6  6  4 G
 1.681297714  6  6  5 G
 1.711019719  6  6  6 G
 1.711019880  6  6  0 G
 1.711019930  6  6  0 G
 1.739309331  6  6  1 G
 2.455239120  6  6  3 G
 2.455239330  6  6  2 G
 2.455239380  6  6  4 G
 2.455239581  6  6  5 G
 2.483136219  6  6  6 G
 2.483136459  6  6  0 G
 2.483136570  6  6  0 G
 2.493803066  6  6  1 G
 2.517301430  6  6  3 G
 2.517301630  6  6  2 G
 2.517301671  6  6  4 G
 2.517301841  6  6  5 G
 2.545950482  6  6  6 G
 2.545950723  6  6  0 G
 2.545950773  6  6  0 G
 2.568873794  6  6  1 G
 3.267325747  6  6  3 G
 3.267326007  6  6  2 G
 3.267326057  6  6  4 G
 3.267326258  6  6  5 G
 3.278443368  6  6  6 G
 3.278443598  6  6  0 G
 3.278443659  6  6  0 G
 3.315070182  6  6  1 G
 3.436870438  6  6  3 G
 3.436870568  6  6  2 G
 3.436870668  6  6  4 G
 3.436870859  6  6  5 G
 3.486052875  6  6  6 G
 3.486053115  6  6  0 G
 3.486053165  6  6  0 G
 3.503212427  6  6  1 G
 3.586533482  6  6  3 G
 3.586533793  6  6  2 G
 3.586533853  6  6  4 G
 3.586534063  6  6  5 G
 3.623458192  6  6  6 G
 3.623458473  6  6  0 G
 3.623458543  6  6  0 G
 3.637174312  6  6  1 G
 3.791272216  6  6  3 G
 3.791272457  6  6  2 G
 3.791272537  6  6  4 G
 3.791272737  6  6  5 G
 3.835058853  6  6  6 G
 3.835059144  6  6  0 G
 3.835059194  6  6  0 G
 3.852947260  6  6  1 G
 4.189148694  6  6  3 G
 4.189148925  6  6  2 G
 4.189148985  6  6  4 G
 4.189149215  6  6  5 G
 4.221058523  6  6  6 G
 4.221058814  6  6  0 G
Error: Trace_Array full for process  12
Error: Trace_Array full for process  12
Error: Trace_Array full for process  12
Error: Trace_Array full for process  12
 0.001583814  12  12  0 M
 0.001762015  12  12  0 M
 0.039250933  12  12  1 M
 0.491379423  12  12  3 M
 0.491379574  12  12  2 M
 0.491379624  12  12  4 M
 0.491379774  12  12  5 M
 0.537323924  12  12  6 M
 0.537324075  12  12  0 M
 0.537324125  12  12  0 M
 0.574783988  12  12  1 M
 0.854570732  12  12  3 M
 0.854570953  12  12  2 M
 0.854571023  12  12  4 M
 0.854571254  12  12  5 M
 0.881646530  12  12  6 M
 0.881646690  12  12  0 M
 0.881646741  12  12  0 M
 0.916698705  12  12  1 M
 1.009345618  12  12  3 M
 1.009345758  12  12  2 M
 1.009345808  12  12  4 M
 1.009345959  12  12  5 M
 1.038407579  12  12  6 M
 1.038407760  12  12  0 M
 1.038407800  12  12  0 M
 1.082299158  12  12  1 M
 1.218883015  12  12  3 M
 1.218883276  12  12  2 M
 1.218883336  12  12  4 M
 1.218883506  12  12  5 M
 1.254213492  12  12  6 M
 1.254213873  12  12  0 M
 1.254214013  12  12  0 M
 1.272003085  12  12  1 M
 1.278382329  12  12  3 M
 1.278382510  12  12  2 M
 1.278382570  12  12  4 M
 1.278382710  12  12  5 M
 1.327052314  12  12  6 M
 1.327052545  12  12  0 M
 1.327052605  12  12  0 M
 1.342696060  12  12  1 M
 2.031856141  12  12  3 M
 2.031856252  12  12  2 M
 2.031856322  12  12  4 M
 2.031856462  12  12  5 M
 2.077903576  12  12  6 M
 2.077903787  12  12  0 M
 2.077903837  12  12  0 M
 2.118987789  12  12  1 M
 2.298347027  12  12  3 M
 2.298347237  12  12  2 M
 2.298347277  12  12  4 M
 2.298347428  12  12  5 M
 2.330523449  12  12  6 M
 2.330523689  12  12  0 M
 2.330523729  12  12  0 M
 2.350820917  12  12  1 M
 3.202759974  12  12  3 M
 3.202760185  12  12  2 M
 3.202760235  12  12  4 M
 3.202760355  12  12  5 M
 3.249199580  12  12  6 M
 3.249199760  12  12  0 M
 3.249199820  12  12  0 M
 3.289142526  12  12  1 M
 3.363884300  12  12  3 M
 3.363884510  12  12  2 M
 3.363884560  12  12  4 M
 3.363884701  12  12  5 M
 3.406352109  12  12  6 M
 3.406352269  12  12  0 M
 3.406352319  12  12  0 M
 3.423552278  12  12  1 M
 3.657986906  12  12  3 M
 3.657987086  12  12  2 M
 3.657987137  12  12  4 M
 3.657987287  12  12  5 M
 3.688935286  12  12  6 M
 3.688935607  12  12  0 M
 3.688935677  12  12  0 M
 3.738630699  12  12  1 M
 4.352158534  12  12  3 M
 4.352158834  12  12  2 M
 4.352158894  12  12  4 M
 4.352159075  12  12  5 M
 4.395561052  12  12  6 M
 4.395561352  12  12  0 M
 4.395561412  12  12  0 M
 4.423011374  12  12  1 M
 4.459265489  12  12  3 M
 4.459265670  12  12  2 M
 4.459265720  12  12  4 M
 4.459265850  12  12  5 M
 4.504560958  12  12  6 M
 4.504561248  12  12  0 M
 4.504561298  12  12  0 M
 4.523552199  12  12  1 M
 4.545940216  12  12  3 M
 4.545940416  12  12  2 M
 0.001640740  14  14  0 O
 0.001772475  14  14  0 O
 0.049782282  14  14  1 O
 0.183527081  14  14  3 O
 0.183527171  14  14  2 O
 0.183527211  14  14  4 O
 0.183527312  14  14  5 O
 0.228925510  14  14  6 O
 0.228925751  14  14  0 O
 0.228925811  14  14  0 O
 0.243069956  14  14  1 O
 0.413996485  14  14  3 O
 0.413996636  14  14  2 O
 0.413996696  14  14  4 O
 0.413996806  14  14  5 O
 0.425097950  14  14  6 O
 0.425098100  14  14  0 O
 0.425098140  14  14  0 O
 0.461247614  14  14  1 O
 1.143372587  14  14  3 O
 1.143372758  14  14  2 O
 1.143372798  14  14  4 O
 1.143372918  14  14  5 O
 1.164827031  14  14  6 O
 1.164827242  14  14  0 O
 1.164827292  14  14  0 O
 1.179529085  14  14  1 O
 1.254264544  14  14  3 O
 1.254264725  14  14  2 O
 1.254264795  14  14  4 O
 1.254264935  14  14  5 O
 1.278373867  14  14  6 O
 1.278374018  14  14  0 O
 1.278374068  14  14  0 O
 1.297581740  14  14  1 O
 1.977303697  14  14  3 O
 1.977303887  14  14  2 O
 1.977303927  14  14  4 O
 1.977304048  14  14  5 O
 1.990239704  14  14  6 O
 1.990239874  14  14  0 O
 1.990239914  14  14  0 O
 2.037165352  14  14  1 O
 2.545956452  14  14  3 O
 2.545956753  14  14  2 O
 2.545956813  14  14  4 O
 2.545956993  14  14  5 O
 2.574147168  14  14  6 O
 2.574147409  14  14  0 O
 2.574147459  14  14  0 O
 2.592782912  14  14  1 O
 2.844080771  14  14  3 O
 2.844080971  14  14  2 O
 2.844081021  14  14  4 O
 2.844081202  14  14  5 O
 2.863614273  14  14  6 O
 2.863614554  14  14  0 O
 2.863624557  14  14  0 O
 2.884077608  14  14  1 O
 3.951507368  14  14  3 O
 3.951507528  14  14  2 O
 3.951507578  14  14  4 O
 3.951507698  14  14  5 O
 3.996058468  14  14  6 O
 3.996058658  14  14  0 O
 3.996058708  14  14  0 O
 4.029225147  14  14  1 O
 4.177427157  14  14  3 O
 4.177427417  14  14  2 O
 4.177427487  14  14  4 O
 4.177427627  14  14  5 O
 4.188902678  14  14  6 O
 4.188902969  14  14  0 O
 4.188903019  14  14  0 O
 4.217447604  14  14  1 O
 4.256892871  14  14  3 O
 4.256893041  14  14  2 O
 4.256893101  14  14  4 O
 4.256893241  14  14  5 O
 4.275751237  14  14  6 O
 4.275751527  14  14  0 O
 4.275751577  14  14  0 O
 4.291718639  14  14  1 O
 4.425138731  14  14  3 O
 4.425138901  14  14  2 O
 4.425138941  14  14  4 O
 4.425139072  14  14  5 O
 4.459106344  14  14  6 O
 4.459106644  14  14  0 O
 4.459106685  14  14  0 O
 4.495956619  14  14  1 O
 4.581408237  14  14  3 O
 4.581408467  14  14  2 O
 4.581408508  14  14  4 O
 4.581408618  14  14  5 O
 4.612408327  14  14  6 O
 4.612408628  14  14  0 O
Error: Trace_Array full for process  7
Error: Trace_Array full for process  7
Error: Trace_Array full for process  7
Error: Trace_Array full for process  7
 0.001440598  7  7  0 H
 0.001724706  7  7  0 H
 0.040026104  7  7  1 H
 1.164921577  7  7  3 H
 1.164921738  7  7  2 H
 1.164921778  7  7  4 H
 1.164921938  7  7  5 H
 1.204374740  7  7  6 H
 1.204374891  7  7  0 H
 1.204374941  7  7  0 H
 1.221806598  7  7  1 H
 1.513481112  7  7  3 H
 1.513481283  7  7  2 H
 1.513481323  7  7  4 H
 1.513481474  7  7  5 H
 1.538438073  7  7  6 H
 1.538438404  7  7  0 H
 1.538438464  7  7  0 H
 1.559447068  7  7  1 H
 1.757720913  7  7  3 H
 1.757721104  7  7  2 H
 1.757721154  7  7  4 H
 1.757721304  7  7  5 H
 1.781438386  7  7  6 H
 1.781438576  7  7  0 H
 1.781438626  7  7  0 H
 1.800890657  7  7  1 H
 1.866983302  7  7  3 H
 1.866983453  7  7  2 H
 1.866983503  7  7  4 H
 1.866983653  7  7  5 H
 1.896539945  7  7  6 H
 1.896540115  7  7  0 H
 1.896540165  7  7  0 H
 1.918599867  7  7  1 H
 2.574172192  7  7  3 H
 2.574172493  7  7  2 H
 2.574172563  7  7  4 H
 2.574172794  7  7  5 H
 2.591300682  7  7  6 H
 2.591300882  7  7  0 H
 2.591300942  7  7  0 H
 2.622841827  7  7  1 H
 3.738248261  7  7  3 H
 3.738248491  7  7  2 H
 3.738248561  7  7  4 H
 3.738248782  7  7  5 H
 3.774991154  7  7  6 H
 3.774991435  7  7  0 H
 3.774991495  7  7  0 H
 3.796869832  7  7  1 H
 3.910250967  7  7  3 H
 3.910251197  7  7  2 H
 3.910251267  7  7  4 H
 3.910251458  7  7  5 H
 3.951478192  7  7  6 H
 3.951478433  7  7  0 H
 3.951478493  7  7  0 H
 3.981661339  7  7  1 H
 4.107127711  7  7  3 H
 4.107127911  7  7  2 H
 4.107127961  7  7  4 H
 4.107128141  7  7  5 H
 4.121763160  7  7  6 H
 4.121763460  7  7  0 H
 4.121763500  7  7  0 H
 4.144173368  7  7  1 H
 4.221265409  7  7  3 H
 4.221265610  7  7  2 H
 4.221265650  7  7  4 H
 4.221265810  7  7  5 H
 4.234126177  7  7  6 H
 4.234126427  7  7  0 H
 4.234126477  7  7  0 H
 4.265118439  7  7  1 H
 4.275772859  7  7  3 H
 4.275773079  7  7  2 H
 4.275773129  7  7  4 H
 4.275773299  7  7  5 H
 4.321763213  7  7  6 H
 4.321763533  7  7  0 H
 4.321763603  7  7  0 H
 4.365768826  7  7  1 H
 4.395608694  7  7  3 H
 4.395608875  7  7  2 H
 4.395608935  7  7  4 H
 4.395609145  7  7  5 H
 4.414070289  7  7  6 H
 4.414070599  7  7  0 H
 4.414070659  7  7  0 H
 4.433326487  7  7  1 H
 4.636105317  7  7  3 H
 4.636105497  7  7  2 H
 4.636105537  7  7  4 H
 4.636105768  7  7  5 H
 4.667720606  7  7  6 H
 4.667720906  7  7  0 H
 4.667720966  7  7  0 H
 4.704171645  7  7  1 H
 4.712735364  7  7  3 H
 4.712735594  7  7  2 H
Error: Trace_Array full for process  1
Error: Trace_Array full for process  1
Error: Trace_Array full for process  1
Error: Trace_Array full for process  1
 0.001266931  1  1  0 B
 0.001679209  1  1  0 B
 0.037820919  1  1  1 B
 0.965599206  1  1  3 B
 0.965599446  1  1  2 B
 0.965599517  1  1  4 B
 0.965599757  1  1  5 B
 1.009343115  1  1  6 B
 1.009343285  1  1  0 B
 1.009343325  1  1  0 B
 1.056608763  1  1  1 B
 1.638154452  1  1  3 B
 1.638154572  1  1  2 B
 1.638154602  1  1  4 B
 1.638154742  1  1  5 B
 1.665514396  1  1  6 B
 1.665514656  1  1  0 B
 1.665514697  1  1  0 B
 1.685119394  1  1  1 B
 2.077964926  1  1  3 B
 2.077965126  1  1  2 B
 2.077965186  1  1  4 B
 2.077965327  1  1  5 B
 2.097703687  1  1  6 B
 2.097703907  1  1  0 B
 2.097703968  1  1  0 B
 2.123451649  1  1  1 B
 2.330529258  1  1  3 B
 2.330529499  1  1  2 B
 2.330529569  1  1  4 B
 2.330529740  1  1  5 B
 2.367272335  1  1  6 B
 2.367272625  1  1  0 B
 2.367272696  1  1  0 B
 2.406494048  1  1  1 B
 2.697419623  1  1  3 B
 2.697419814  1  1  2 B
 2.697419854  1  1  4 B
 2.697419994  1  1  5 B
 2.730094672  1  1  6 B
 2.730094862  1  1  0 B
 2.730094912  1  1  0 B
 2.754048896  1  1  1 B
 3.019684885  1  1  3 B
 3.019685106  1  1  2 B
 3.019685156  1  1  4 B
 3.019685366  1  1  5 B
 3.061966802  1  1  6 B
 3.061966972  1  1  0 B
 3.061967032  1  1  0 B
 3.103246767  1  1  1 B
 3.173418981  1  1  3 B
 3.173419142  1  1  2 B
 3.173419172  1  1  4 B
 3.173419322  1  1  5 B
 3.202733236  1  1  6 B
 3.202733397  1  1  0 B
 3.202733437  1  1  0 B
 3.217310470  1  1  1 B
 3.406623951  1  1  3 B
 3.406624202  1  1  2 B
 3.406624232  1  1  4 B
 3.406624442  1  1  5 B
 3.436819670  1  1  6 B
 3.436819881  1  1  0 B
 3.436819921  1  1  0 B
 3.448159901  1  1  1 B
 4.166930091  1  1  3 B
 4.166930191  1  1  2 B
 4.166930272  1  1  4 B
 4.166930412  1  1  5 B
 4.177422400  1  1  6 B
 4.177422700  1  1  0 B
 4.177422760  1  1  0 B
 4.224280335  1  1  1 B
 4.612501626  1  1  3 B
 4.612501937  1  1  2 B
 4.612501977  1  1  4 B
 4.612502147  1  1  5 B
 4.636095325  1  1  6 B
 4.636095615  1  1  0 B
 4.636095685  1  1  0 B
 4.653802177  1  1  1 B
 4.667748977  1  1  3 B
 4.667749157  1  1  2 B
 4.667749217  1  1  4 B
 4.667749388  1  1  5 B
 4.683999955  1  1  6 B
 4.684000255  1  1  0 B
 4.684000325  1  1  0 B
 4.730997301  1  1  1 B
 4.804834662  1  1  3 B
 4.804834782  1  1  2 B
 4.804834832  1  1  4 B
 4.804835003  1  1  5 B
 4.815708674  1  1  6 B
 4.815708885  1  1  0 B
 4.815708925  1  1  0 B
 4.852944657  1  1  1 B
 4.856147293  1  1  3 B
 4.856147524  1  1  2 B
Error: Trace_Array full for process  0
Error: Trace_Array full for process  0
Error: Trace_Array full for process  0
Error: Trace_Array full for process  0
 0.001234699  0  0  0 A
 0.001668135  0  0  0 A
 0.027453687  0  0  1 A
 1.485206473  0  0  3 A
 1.485206624  0  0  2 A
 1.485206674  0  0  4 A
 1.485206794  0  0  5 A
 1.513427779  0  0  6 A
 1.513427990  0  0  0 A
 1.513428050  0  0  0 A
 1.538927567  0  0  1 A
 2.170833275  0  0  3 A
 2.170833435  0  0  2 A
 2.170833495  0  0  4 A
 2.170833626  0  0  5 A
 2.211531678  0  0  6 A
 2.211531888  0  0  0 A
 2.211531938  0  0  0 A
 2.247306582  0  0  1 A
 2.655057424  0  0  3 A
 2.655057654  0  0  2 A
 2.655057694  0  0  4 A
 2.655057814  0  0  5 A
 2.697310769  0  0  6 A
 2.697311099  0  0  0 A
 2.697311751  0  0  0 A
 2.726481077  0  0  1 A
 2.796959412  0  0  3 A
 2.796959582  0  0  2 A
 2.796959642  0  0  4 A
 2.796959783  0  0  5 A
 2.844010645  0  0  6 A
 2.844010805  0  0  0 A
 2.844010856  0  0  0 A
 2.872817849  0  0  1 A
 3.249312773  0  0  3 A
 3.249312953  0  0  2 A
 3.249312993  0  0  4 A
 3.249313214  0  0  5 A
 3.267180120  0  0  6 A
 3.267180461  0  0  0 A
 3.267180511  0  0  0 A
 3.310731880  0  0  1 A
 3.315012600  0  0  3 A
 3.315012770  0  0  2 A
 3.315012820  0  0  4 A
 3.315013040  0  0  5 A
 3.363642115  0  0  6 A
 3.363642346  0  0  0 A
 3.363642476  0  0  0 A
 3.408298198  0  0  1 A
 3.516457066  0  0  3 A
 3.516457237  0  0  2 A
 3.516457287  0  0  4 A
 3.516457517  0  0  5 A
 3.564812760  0  0  6 A
 3.564812961  0  0  0 A
 3.564813011  0  0  0 A
 3.604652864  0  0  1 A
 3.688996517  0  0  3 A
 3.688996757  0  0  2 A
 3.688996817  0  0  4 A
 3.688996988  0  0  5 A
 3.738199146  0  0  6 A
 3.738199337  0  0  0 A
 3.738199387  0  0  0 A
 3.768493872  0  0  1 A
 4.504691446  0  0  3 A
 4.504691686  0  0  2 A
 4.504691746  0  0  4 A
 4.504691997  0  0  5 A
 4.545902440  0  0  6 A
 4.545902650  0  0  0 A
 4.545902720  0  0  0 A
 4.589011986  0  0  1 A
 4.736254635  0  0  3 A
 4.736254905  0  0  2 A
 4.736254975  0  0  4 A
 4.736255126  0  0  5 A
 4.781384084  0  0  6 A
 4.781384395  0  0  0 A
 4.781384465  0  0  0 A
 4.799781528  0  0  1 A
 4.815781754  0  0  3 A
 4.815781955  0  0  2 A
 4.815782005  0  0  4 A
 4.815782155  0  0  5 A
 4.845011665  0  0  6 A
 4.845011946  0  0  0 A
 4.845012006  0  0  0 A
 4.882021391  0  0  1 A
 4.912942320  0  0  3 A
 4.912942570  0  0  2 A
 4.912942640  0  0  4 A
 4.912942811  0  0  5 A
 4.953749022  0  0  6 A
 4.953749482  0  0  0 A
 4.953749593  0  0  0 A
 4.985836867  0  0  1 A
 5.038173378  0  0  3 A
 5.038173619  0  0  2 A
 0.001469811  8  8  0 I
 0.001731343  8  8  0 I
 0.014889434  8  8  1 I
 0.453001336  8  8  3 I
 0.453001487  8  8  2 I
 0.453001537  8  8  4 I
 0.453001748  8  8  5 I
 0.491376790  8  8  6 I
 0.491376940  8  8  0 I
 0.491376991  8  8  0 I
 0.512244323  8  8  1 I
 2.265128756  8  8  3 I
 2.265128886  8  8  2 I
 2.265128946  8  8  4 I
 2.265129116  8  8  5 I
 2.298102653  8  8  6 I
 2.298102894  8  8  0 I
 2.298102944  8  8  0 I
 2.333242117  8  8  1 I
 2.601711393  8  8  3 I
 2.601711583  8  8  2 I
 2.601711623  8  8  4 I
 2.601711834  8  8  5 I
 2.633771408  8  8  6 I
 2.633771739  8  8  0 I
 2.633771809  8  8  0 I
 2.652494770  8  8  1 I
 2.775195035  8  8  3 I
 2.775195216  8  8  2 I
 2.775195526  8  8  4 I
 2.775195717  8  8  5 I
 2.796911564  8  8  6 I
 2.796911794  8  8  0 I
 2.796911834  8  8  0 I
 2.834951320  8  8  1 I
 3.088820884  8  8  3 I
 3.088821084  8  8  2 I
 3.088821154  8  8  4 I
 3.088821335  8  8  5 I
 3.130937725  8  8  6 I
 3.130937965  8  8  0 I
 3.130938015  8  8  0 I
 3.180260009  8  8  1 I
 3.304044578  8  8  3 I
 3.304044798  8  8  2 I
 3.304044858  8  8  4 I
 3.304045069  8  8  5 I
 3.314916711  8  8  6 I
 3.314916871  8  8  0 I
 3.314916922  8  8  0 I
 3.361295531  8  8  1 I
 3.996424929  8  8  3 I
 3.996425149  8  8  2 I
 3.996425219  8  8  4 I
 3.996425460  8  8  5 I
 4.028025253  8  8  6 I
 4.028025443  8  8  0 I
 4.028025553  8  8  0 I
 4.039221756  8  8  1 I
 4.234323795  8  8  3 I
 4.234323966  8  8  2 I
 4.234324016  8  8  4 I
 4.234324176  8  8  5 I
 4.256541706  8  8  6 I
 4.256541976  8  8  0 I
 4.256542026  8  8  0 I
 4.273857785  8  8  1 I
 4.321955454  8  8  3 I
 4.321955674  8  8  2 I
 4.321955744  8  8  4 I
 4.321955925  8  8  5 I
 4.352153501  8  8  6 I
 4.352153811  8  8  0 I
 4.352153871  8  8  0 I
 4.399032754  8  8  1 I
 4.781404802  8  8  3 I
 4.781405112  8  8  2 I
 4.781405182  8  8  4 I
 4.781405352  8  8  5 I
 4.804758719  8  8  6 I
 4.804759019  8  8  0 I
 4.804759079  8  8  0 I
 4.824478702  8  8  1 I
 5.085179889  8  8  3 I
 5.085180219  8  8  2 I
 5.085180279  8  8  4 I
 5.085180520  8  8  5 I
 5.113156359  8  8  6 I
 5.113156650  8  8  0 I
 5.113156720  8  8  0 I
 5.162607242  8  8  1 I
 5.162607562  8  8  3 I
 5.162607702  8  8  4 I
 5.162607822  8  8  5 I
 5.185194154  8  8  6 I
 5.185194374  8  8  0 I
 0.001526577  10  10  0 K
 0.001745026  10  10  0 K
 0.012417404  10  10  1 K
 0.012417765  10  10  3 K
 0.012417896  10  10  4 K
 0.012418046  10  10  5 K
 0.062103244  10  10  6 K
 0.062103395  10  10  0 K
 0.062103445  10  10  0 K
 0.111548243  10  10  1 K
 2.144048540  10  10  3 K
 2.144048661  10  10  2 K
 2.144048701  10  10  4 K
 2.144048851  10  10  5 K
 2.170483041  10  10  6 K
 2.170483362  10  10  0 K
 2.170483422  10  10  0 K
 2.210136983  10  10  1 K
 2.401154176  10  10  3 K
 2.401154356  10  10  2 K
 2.401154416  10  10  4 K
 2.401154637  10  10  5 K
 2.428974005  10  10  6 K
 2.428974195  10  10  0 K
 2.428974246  10  10  0 K
 2.441920184  10  10  1 K
 3.835209578  10  10  3 K
 3.835209748  10  10  2 K
 3.835209868  10  10  4 K
 3.835210069  10  10  5 K
 3.880416289  10  10  6 K
 3.880416459  10  10  0 K
 3.880416509  10  10  0 K
 3.925043021  10  10  1 K
 4.121774698  10  10  3 K
 4.121774898  10  10  2 K
 4.121775018  10  10  4 K
 4.121775178  10  10  5 K
 4.166862377  10  10  6 K
 4.166862627  10  10  0 K
 4.166862678  10  10  0 K
 4.215665075  10  10  1 K
 4.414294371  10  10  3 K
 4.414294581  10  10  2 K
 4.414294711  10  10  4 K
 4.414294931  10  10  5 K
 4.425002063  10  10  6 K
 4.425002323  10  10  0 K
 4.425002373  10  10  0 K
 4.452419090  10  10  1 K
 4.684220552  10  10  3 K
 4.684220662  10  10  2 K
 4.684220712  10  10  4 K
 4.684220892  10  10  5 K
 4.712476065  10  10  6 K
 4.712476365  10  10  0 K
 4.712476425  10  10  0 K
 4.753509452  10  10  1 K
 4.871401410  10  10  3 K
 4.871401690  10  10  2 K
 4.871401751  10  10  4 K
 4.871401931  10  10  5 K
 4.912702031  10  10  6 K
 4.912702321  10  10  0 K
 4.912702391  10  10  0 K
 4.936238935  10  10  1 K
 4.954434479  10  10  3 K
 4.954434719  10  10  2 K
 4.954434789  10  10  4 K
 4.954435029  10  10  5 K
 4.997055114  10  10  6 K
 4.997055384  10  10  0 K
 4.997055574  10  10  0 K
 5.046025513  10  10  1 K
 5.113282559  10  10  3 K
 5.113282799  10  10  2 K
 5.113282919  10  10  4 K
 5.113283150  10  10  5 K
 5.145718059  10  10  6 K
 5.145718389  10  10  0 K
 5.145718439  10  10  0 K
 5.182816952  10  10  1 K
 5.186024448  10  10  3 K
 5.186024728  10  10  4 K
 5.186024859  10  10  5 K
 5.205579069  10  10  6 K
 5.205579390  10  10  0 K
Error: Trace_Array full for process  2
Error: Trace_Array full for process  2
 0.001296962  2  2  0 C
 0.001691587  2  2  0 C
 0.012838624  2  2  1 C
 0.115294646  2  2  3 C
 0.115294786  2  2  2 C
 0.115294846  2  2  4 C
 0.115294997  2  2  5 C
 0.126473027  2  2  6 C
 0.126473228  2  2  0 C
 0.126473278  2  2  0 C
 0.161543798  2  2  1 C
 0.296069786  2  2  3 C
 0.296069957  2  2  2 C
 0.296070027  2  2  4 C
 0.296070278  2  2  5 C
 0.314680212  2  2  6 C
 0.314680422  2  2  0 C
 0.314680483  2  2  0 C
 0.349985231  2  2  1 C
 0.669635042  2  2  3 C
 0.669635283  2  2  2 C
 0.669635333  2  2  4 C
 0.669635503  2  2  5 C
 0.709644720  2  2  6 C
 0.709644991  2  2  0 C
 0.709645102  2  2  0 C
 0.723190972  2  2  1 C
 0.916422985  2  2  3 C
 0.916423246  2  2  2 C
 0.916423306  2  2  4 C
 0.916423507  2  2  5 C
 0.965589069  2  2  6 C
 0.965589289  2  2  0 C
 0.965589350  2  2  0 C
 1.010868471  2  2  1 C
 1.410070469  2  2  3 C
 1.410070660  2  2  2 C
 1.410070710  2  2  4 C
 1.410070911  2  2  5 C
 1.446822269  2  2  6 C
 1.446822469  2  2  0 C
 1.446822519  2  2  0 C
 1.474053770  2  2  1 C
 1.850710409  2  2  3 C
 1.850710560  2  2  2 C
 1.850710600  2  2  4 C
 1.850710740  2  2  5 C
 1.866782320  2  2  6 C
 1.866782561  2  2  0 C
 1.866782601  2  2  0 C
 1.882638329  2  2  1 C
 1.920976488  2  2  3 C
 1.920976598  2  2  2 C
 1.920976648  2  2  4 C
 1.920976818  2  2  5 C
 1.951955618  2  2  6 C
 1.951955818  2  2  0 C
 1.951955869  2  2  0 C
 1.964922976  2  2  1 C
 2.907277857  2  2  3 C
 2.907278088  2  2  2 C
 2.907278148  2  2  4 C
 2.907278308  2  2  5 C
 2.922314737  2  2  6 C
 2.922314887  2  2  0 C
 2.922314947  2  2  0 C
 2.966098924  2  2  1 C
 3.062031551  2  2  3 C
 3.062031742  2  2  2 C
 3.062031802  2  2  4 C
 3.062031962  2  2  5 C
 3.088761941  2  2  6 C
 3.088762151  2  2  0 C
 3.088762191  2  2  0 C
 3.125828572  2  2  1 C
 4.845394758  2  2  3 C
 4.845395489  2  2  2 C
 4.845395549  2  2  4 C
 4.845395699  2  2  5 C
 4.855488334  2  2  6 C
 4.855488554  2  2  0 C
 4.855488594  2  2  0 C
 4.886938499  2  2  1 C
 4.997438264  2  2  3 C
 4.997438544  2  2  2 C
 4.997438584  2  2  4 C
 4.997438744  2  2  5 C
 5.038135318  2  2  6 C
 5.038135608  2  2  0 C
 5.038135679  2  2  0 C
 5.080292415  2  2  1 C
 5.146507270  2  2  3 C
 5.146507610  2  2  4 C
 5.146507841  2  2  5 C
 5.156797377  2  2  6 C
 5.156797597  2  2  0 C
 5.156797667  2  2  0 C
 5.186365061  2  2  1 C
 5.206634168  2  2  3 C
 5.206634538  2  2  4 C
 5.206634698  2  2  5 C
-1  15  15  7 LOCAL_SECTION;ENTRY_PROTOCOL_1;ENTRY_PROTOCOL_2;ENTRY_PROTOCOL_3;ENTRY_PROTOCOL_4;CRITICAL_SECTION;EXIT_PROTOCOL;EXTRA_LABEL;
